 &FCI NORB= 16,NELEC= 16,MS2= 0,
  ORBSYM=1,1,1,1,1,1,1,1,1,1,1,1,1,1,1,1,
  ISYM=1,
 &END
  0.0089517108546951   1   1   1   1
  0.0089557375577333   2   1   2   1
  0.0089557375577333   2   2   1   1
  0.0089597666177133   2   2   2   2
  0.0255480478103266   3   1   3   1
  0.0255612722534489   3   2   3   2
  0.0255480478103266   3   3   1   1
  0.0255612722534489   3   3   2   2
  0.0784135135377061   3   3   3   3
 -0.0255557468951738   4   1   3   2
  0.0255502227432809   4   1   4   1
 -0.0255557468951738   4   2   3   1
  0.0255634489500311   4   2   4   2
 -0.0255557468951738   4   3   2   1
  0.0784222139368685   4   3   4   3
  0.0255502227432809   4   4   1   1
  0.0255634489500311   4   4   2   2
  0.0784222139368685   4   4   3   3
  0.0784309159946720   4   4   4   4
  0.0336822156804407   5   1   3   1
 -0.0336914467601761   5   1   4   2
  0.0457066810330399   5   1   5   1
  0.0336986060996282   5   2   3   2
 -0.0336914467601761   5   2   4   1
  0.0457269586211349   5   2   5   2
  0.0336822156804407   5   3   1   1
  0.0336986060996282   5   3   2   2
  0.1000631823788558   5   3   3   3
  0.1000731495716192   5   3   4   4
  0.1295495433665007   5   3   5   3
 -0.0336914467601761   5   4   2   1
  0.1000731495716192   5   4   4   3
  0.1295602419253335   5   4   5   4
  0.0457066810330399   5   5   1   1
  0.0457269586211349   5   5   2   2
  0.1295495433665007   5   5   3   3
  0.1295602419253335   5   5   4   4
  0.1713370831052040   5   5   5   3
  0.2335206401478526   5   5   5   5
  0.0236736172396539   6   1   1   1
  0.0236848818706796   6   1   2   2
  0.0695187328777689   6   1   3   3
  0.0695253707459015   6   1   4   4
  0.0904740472133026   6   1   5   3
  0.1205568351451543   6   1   5   5
  0.0633016922760462   6   1   6   1
  0.0236848818706796   6   2   2   1
 -0.0695405159408529   6   2   4   3
 -0.0905004094978338   6   2   5   4
  0.0633331822931574   6   2   6   2
  0.0695187328777689   6   3   3   1
 -0.0695405159408529   6   3   4   2
  0.0904740472133026   6   3   5   1
  0.1902353109253549   6   3   6   3
 -0.0695405159408529   6   4   3   2
  0.0695253707459015   6   4   4   1
 -0.0905004094978338   6   4   5   2
  0.1902550306528257   6   4   6   4
  0.0904740472133026   6   5   3   1
 -0.0905004094978338   6   5   4   2
  0.1205568351451543   6   5   5   1
  0.2450314285910708   6   5   6   3
  0.3216523668498691   6   5   6   5
  0.0633016922760462   6   6   1   1
  0.0633331822931574   6   6   2   2
  0.1902353109253549   6   6   3   3
  0.1902550306528257   6   6   4   4
  0.2450314285910708   6   6   5   3
  0.3216523668498691   6   6   5   5
  0.1708093808390971   6   6   6   1
  0.4642993338063100   6   6   6   6
  0.0236783084646289   7   1   2   1
 -0.0695184884341110   7   1   4   3
 -0.0904733412396368   7   1   5   4
  0.0633146354503062   7   1   6   2
  0.0632960953772367   7   1   7   1
  0.0236783084646289   7   2   1   1
  0.0236895756816360   7   2   2   2
  0.0695336320021212   7   2   3   3
  0.0695402716947640   7   2   4   4
  0.0904927792813855   7   2   5   3
  0.1205805418954646   7   2   5   5
  0.0633146354503062   7   2   6   1
  0.1708451838252829   7   2   6   6
  0.0633275814978670   7   2   7   2
  0.0695336320021212   7   3   3   2
 -0.0695184884341110   7   3   4   1
  0.0904927792813855   7   3   5   2
 -0.1902349934967967   7   3   6   4
  0.1902149598006492   7   3   7   3
 -0.0695184884341110   7   4   3   1
  0.0695402716947640   7   4   4   2
 -0.0904733412396368   7   4   5   1
 -0.1902349934967966   7   4   6   3
 -0.2450301861556032   7   4   6   5
  0.1902346761837869   7   4   7   4
  0.0904927792813855   7   5   3   2
 -0.0904733412396368   7   5   4   1
  0.1205805418954646   7   5   5   2
 -0.2450301861556032   7   5   6   4
  0.2450072375154873   7   5   7   3
  0.3216245032522930   7   5   7   5
  0.0633146354503062   7   6   2   1
 -0.1902349934967967   7   6   4   3
 -0.2450301861556032   7   6   5   4
  0.1708451838252829   7   6   6   2
  0.1707930235340900   7   6   7   1
  0.4642521355215474   7   6   7   6
  0.0632960953772367   7   7   1   1
  0.0633275814978670   7   7   2   2
  0.1902149598006492   7   7   3   3
  0.1902346761837869   7   7   4   4
  0.2450072375154873   7   7   5   3
  0.3216245032522930   7   7   5   5
  0.1707930235340900   7   7   6   1
  0.4642521355215474   7   7   6   6
  0.1708288223849041   7   7   7   2
  0.4642049442206390   7   7   7   7
 -0.0336889932966530   8   1   3   2
  0.0336818361458892   8   1   4   1
 -0.0457154381583910   8   1   5   2
  0.0904732134522623   8   1   6   4
 -0.0904655871053962   8   1   7   3
 -0.1205476444705875   8   1   7   5
  0.0457039223321144   8   1   8   1
 -0.0336889932966530   8   2   3   1
  0.0336982265449768   8   2   4   2
 -0.0457154381583910   8   2   5   1
 -0.0904926514386594   8   2   6   3
 -0.1205806617374612   8   2   6   5
  0.0904919454527804   8   2   7   4
  0.0457241971062410   8   2   8   2
 -0.0336889932966530   8   3   2   1
  0.1000625774021773   8   3   4   3
  0.1295484574287614   8   3   5   4
 -0.0904926514386594   8   3   6   2
 -0.0904655871053962   8   3   7   1
 -0.2450066288414165   8   3   7   6
  0.1295366759240878   8   3   8   3
  0.0336818361458892   8   4   1   1
  0.0336982265449768   8   4   2   2
  0.1000625774021773   8   4   3   3
  0.1000725447195112   8   4   4   4
  0.1295484574287614   8   4   5   3
  0.1713350672706679   8   4   5   5
  0.0904732134522623   8   4   6   1
  0.2450295771266407   8   4   6   6
  0.0904919454527804   8   4   7   2
  0.2450053859077136   8   4   7   7
  0.1295473715486943   8   4   8   4
 -0.0457154381583910   8   5   2   1
  0.1295484574287614   8   5   4   3
  0.1713350672706679   8   5   5   4
 -0.1205806617374612   8   5   6   2
 -0.1205476444705875   8   5   7   1
 -0.3216243344305918   8   5   7   6
  0.1713231301435888   8   5   8   3
  0.2335073686569155   8   5   8   5
 -0.0904926514386594   8   6   3   2
  0.0904732134522623   8   6   4   1
 -0.1205806617374612   8   6   5   2
  0.2450295771266407   8   6   6   4
 -0.2450066288414165   8   6   7   3
 -0.3216243344305918   8   6   7   5
  0.1205477646162291   8   6   8   1
  0.3216241656734768   8   6   8   6
 -0.0904655871053962   8   7   3   1
  0.0904919454527804   8   7   4   2
 -0.1205476444705875   8   7   5   1
 -0.2450066288414165   8   7   6   3
 -0.3216243344305918   8   7   6   5
  0.2450053859077136   8   7   7   4
  0.1205714685492397   8   7   8   2
  0.3215963077759316   8   7   8   7
  0.0457039223321145   8   8   1   1
  0.0457241971062410   8   8   2   2
  0.1295366759240878   8   8   3   3
  0.1295473715486943   8   8   4   4
  0.1713231301435888   8   8   5   3
  0.2335073686569156   8   8   5   5
  0.1205477646162291   8   8   6   1
  0.3216241656734769   8   8   6   6
  0.1205714685492397   8   8   7   2
  0.3215963077759316   8   8   7   7
  0.1713211139917708   8   8   8   4
  0.2334941025511601   8   8   8   8
 -0.0154661211410174   9   1   3   2
  0.0154620412371969   9   1   4   1
 -0.0127243558660633   9   1   5   2
  0.0490197734037310   9   1   6   4
 -0.0490070901770607   9   1   7   3
 -0.0472108676117286   9   1   7   5
  0.0127117464459089   9   1   8   1
  0.0472090905241441   9   1   8   6
  0.0545376452439255   9   1   9   1
 -0.0154661211410174   9   2   3   1
  0.0154762009410090   9   2   4   2
 -0.0127243558660633   9   2   5   1
 -0.0490320444052314   9   2   6   3
 -0.0472429484353649   9   2   6   5
  0.0490341582404479   9   2   7   4
  0.0127295104522137   9   2   8   2
  0.0472262554540594   9   2   8   7
  0.0545515275611270   9   2   9   2
 -0.0154661211410174   9   3   2   1
  0.0670016073994787   9   3   4   3
  0.0745422854804610   9   3   5   4
 -0.0490320444052314   9   3   6   2
 -0.0490070901770607   9   3   7   1
 -0.1491211575102094   9   3   7   6
  0.0745231933602760   9   3   8   3
  0.0751905120568218   9   3   8   5
  0.1218372274283366   9   3   9   3
  0.0154620412371969   9   4   1   1
  0.0154762009410090   9   4   2   2
  0.0670016073994787   9   4   3   3
  0.0670157330408282   9   4   4   4
  0.0745422854804610   9   4   5   3
  0.0752188338224468   9   4   5   5
  0.0490197734037311   9   4   6   1
  0.1491536960056281   9   4   6   6
  0.0490341582404479   9   4   7   2
  0.1491258222448026   9   4   7   7
  0.0745436187609314   9   4   8   4
  0.0751932984544771   9   4   8   8
  0.1218351501089218   9   4   9   4
 -0.0127243558660633   9   5   2   1
  0.0745422854804610   9   5   4   3
  0.0752188338224468   9   5   5   4
 -0.0472429484353649   9   5   6   2
 -0.0472108676117285   9   5   7   1
 -0.1564646926217199   9   5   7   6
  0.0751905120568218   9   5   8   3
  0.0586701236661316   9   5   8   5
  0.1810163753681633   9   5   9   3
  0.2839771000323165   9   5   9   5
 -0.0490320444052314   9   6   3   2
  0.0490197734037310   9   6   4   1
 -0.0472429484353649   9   6   5   2
  0.1491536960056281   9   6   6   4
 -0.1491211575102094   9   6   7   3
 -0.1564646926217199   9   6   7   5
  0.0472090905241441   9   6   8   1
  0.1564605894534285   9   6   8   6
  0.1322130600443207   9   6   9   1
  0.3268050335917560   9   6   9   6
 -0.0490070901770607   9   7   3   1
  0.0490341582404479   9   7   4   2
 -0.0472108676117286   9   7   5   1
 -0.1491211575102094   9   7   6   3
 -0.1564646926217199   9   7   6   5
  0.1491258222448026   9   7   7   4
  0.0472262554540594   9   7   8   2
  0.1564222004801428   9   7   8   7
  0.1322323548655454   9   7   9   2
  0.3267978485895957   9   7   9   7
  0.0127117464459089   9   8   1   1
  0.0127295104522137   9   8   2   2
  0.0745231933602760   9   8   3   3
  0.0745436187609314   9   8   4   4
  0.0751905120568218   9   8   5   3
  0.0586701236661316   9   8   5   5
  0.0472090905241441   9   8   6   1
  0.1564605894534285   9   8   6   6
  0.0472262554540594   9   8   7   2
  0.1564222004801428   9   8   7   7
  0.0751932984544771   9   8   8   4
  0.0586314781016681   9   8   8   8
  0.1810111230685912   9   8   9   4
  0.2839909967123183   9   8   9   8
  0.0545376452439255   9   9   1   1
  0.0545515275611270   9   9   2   2
  0.1218372274283366   9   9   3   3
  0.1218351501089218   9   9   4   4
  0.1810163753681633   9   9   5   3
  0.2839771000323166   9   9   5   5
  0.1322130600443207   9   9   6   1
  0.3268050335917559   9   9   6   6
  0.1322323548655454   9   9   7   2
  0.3267978485895957   9   9   7   7
  0.1810111230685913   9   9   8   4
  0.2839909967123183   9   9   8   8
 -0.0464220977036831   9   9   9   4
 -0.1576777209914890   9   9   9   8
  0.5401439802430512   9   9   9   9
 -0.0154580097102813  10   1   3   1
  0.0154680868230315  10   1   4   2
 -0.0127140053452441  10   1   5   1
 -0.0490096611305949  10   1   6   3
 -0.0472145604767786  10   1   6   5
  0.0490117749420778  10   1   7   4
  0.0127191577324030  10   1   8   2
  0.0471978707000073  10   1   8   7
  0.0545445923700752  10   1   9   2
  0.1322121997053005  10   1   9   7
  0.0545376598451003  10   1  10   1
 -0.0154721680875898  10   2   3   2
  0.0154680868230315  10   2   4   1
 -0.0127317699210546  10   2   5   2
  0.0490367297543208  10   2   6   4
 -0.0490240442791642  10   2   7   3
 -0.0472317262010833  10   2   7   5
  0.0127191577324030  10   2   8   1
  0.0472299489595422  10   2   8   6
  0.0545445923700752  10   2   9   1
  0.1322321230737653  10   2   9   6
  0.0545515411660707  10   2  10   2
 -0.0154580097102813  10   3   1   1
 -0.0154721680875898  10   3   2   2
 -0.0669916475634103  10   3   3   3
 -0.0670057729261230  10   3   4   4
 -0.0745282223258422  10   3   5   3
 -0.0751979971261373  10   3   5   5
 -0.0490096611305949  10   3   6   1
 -0.1491278784149522  10   3   6   6
 -0.0490240442791642  10   3   7   2
 -0.1491000059441314  10   3   7   7
 -0.0745295559116742  10   3   8   4
 -0.0751724615966439  10   3   8   8
 -0.1218346166113603  10   3   9   4
 -0.1810161492273777  10   3   9   8
  0.0464561647373932  10   3   9   9
  0.1218340853640829  10   3  10   3
  0.0154680868230315  10   4   2   1
 -0.0670057729261230  10   4   4   3
 -0.0745486476325597  10   4   5   4
  0.0490367297543208  10   4   6   2
  0.0490117749420778  10   4   7   1
  0.1491325430354435  10   4   7   6
 -0.0745295559116742  10   4   8   3
 -0.0752007833047323  10   4   8   5
 -0.1218346166113602  10   4   9   3
 -0.1810091278556678  10   4   9   5
  0.1218320066049545  10   4  10   4
 -0.0127140053452441  10   5   1   1
 -0.0127317699210546  10   5   2   2
 -0.0745282223258422  10   5   3   3
 -0.0745486476325597  10   5   4   4
 -0.0751979971261373  10   5   5   3
 -0.0586818885777708  10   5   5   5
 -0.0472145604767786  10   5   6   1
 -0.1564740950949292  10   5   6   6
 -0.0472317262010833  10   5   7   2
 -0.1564357058379138  10   5   7   7
 -0.0752007833047323  10   5   8   4
 -0.0586432436047143  10   5   8   8
 -0.1810091278556678  10   5   9   4
 -0.2839843447051439  10   5   9   8
  0.1576552416195954  10   5   9   9
  0.1810141525985317  10   5  10   3
  0.2839776936335358  10   5  10   5
 -0.0490096611305949  10   6   3   1
  0.0490367297543208  10   6   4   2
 -0.0472145604767786  10   6   5   1
 -0.1491278784149522  10   6   6   3
 -0.1564740950949292  10   6   6   5
  0.1491325430354435  10   6   7   4
  0.0472299489595422  10   6   8   2
  0.1564316025598919  10   6   8   7
  0.1322321230737652  10   6   9   2
  0.3267987216494244  10   6   9   7
  0.1322119671773719  10   6  10   1
  0.3267995950387342  10   6  10   6
 -0.0490240442791642  10   7   3   2
  0.0490117749420778  10   7   4   1
 -0.0472317262010833  10   7   5   2
  0.1491325430354435  10   7   6   4
 -0.1491000059441314  10   7   7   3
 -0.1564357058379138  10   7   7   5
  0.0471978707000073  10   7   8   1
  0.1564316025598919  10   7   8   6
  0.1322121997053005  10   7   9   1
  0.3267987216494244  10   7   9   6
  0.1322312611318777  10   7  10   2
  0.3267924125616075  10   7  10   7
  0.0127191577324030  10   8   2   1
 -0.0745295559116742  10   8   4   3
 -0.0752007833047324  10   8   5   4
  0.0472299489595422  10   8   6   2
  0.0471978707000074  10   8   7   1
  0.1564316025598919  10   8   7   6
 -0.0751724615966439  10   8   8   3
 -0.0586432436047143  10   8   8   5
 -0.1810161492273777  10   8   9   3
 -0.2839843447051439  10   8   9   5
  0.1810089000215123  10   8  10   4
  0.2839915932000783  10   8  10   8
  0.0545445923700752  10   9   2   1
 -0.1218346166113603  10   9   4   3
 -0.1810091278556678  10   9   5   4
  0.1322321230737652  10   9   6   2
  0.1322121997053005  10   9   7   1
  0.3267987216494244  10   9   7   6
 -0.1810161492273777  10   9   8   3
 -0.2839843447051439  10   9   8   5
  0.0464561647373931  10   9   9   3
  0.1576552416195954  10   9   9   5
 -0.0464353134265524  10   9  10   4
 -0.1576998391791514  10   9  10   8
  0.5401636426926893  10   9  10   9
  0.0545376598451003  10  10   1   1
  0.0545515411660707  10  10   2   2
  0.1218340853640829  10  10   3   3
  0.1218320066049545  10  10   4   4
  0.1810141525985317  10  10   5   3
  0.2839776936335358  10  10   5   5
  0.1322119671773720  10  10   6   1
  0.3267995950387342  10  10   6   6
  0.1322312611318777  10  10   7   2
  0.3267924125616075  10  10   7   7
  0.1810089000215123  10  10   8   4
  0.2839915932000783  10  10   8   8
 -0.0464353134265524  10  10   9   4
 -0.1576998391791514  10  10   9   8
  0.5401636426926893  10  10   9   9
  0.0464693813618417  10  10  10   3
  0.1576773589827724  10  10  10   5
  0.5401833069853689  10  10  10  10
  0.0057312892062963  11   1   2   1
 -0.0304132591026765  11   1   4   3
 -0.0316180323962678  11   1   5   4
  0.0201550522636827  11   1   6   2
  0.0201424832553085  11   1   7   1
  0.0649742444312026  11   1   7   6
 -0.0316073297683509  11   1   8   3
 -0.0269457234454834  11   1   8   5
 -0.0683797548659467  11   1   9   3
 -0.1059177548549853  11   1   9   5
  0.0683773208290063  11   1  10   4
  0.1059198080141005  11   1  10   8
 -0.0515628175886091  11   1  10   9
  0.0396209813592880  11   1  11   1
  0.0057312892062963  11   2   1   1
  0.0057382969854972  11   2   2   2
  0.0304206497661783  11   2   3   3
  0.0304284176288084  11   2   4   4
  0.0316262838924883  11   2   5   3
  0.0269706653947565  11   2   5   5
  0.0201550522636826  11   2   6   1
  0.0650086236240938  11   2   6   6
  0.0201619181890067  11   2   7   2
  0.0649938459841820  11   2   7   7
  0.0316272637412571  11   2   8   4
  0.0269561284468064  11   2   8   8
  0.0683892162740833  11   2   9   4
  0.1059337324172506  11   2   9   8
 -0.0515452715444603  11   2   9   9
 -0.0683905886412405  11   2  10   3
 -0.1059315529118912  11   2  10   5
 -0.0515534034277418  11   2  10  10
  0.0396320009922133  11   2  11   2
  0.0304206497661783  11   3   3   2
 -0.0304132591026765  11   3   4   1
  0.0316262838924883  11   3   5   2
 -0.0904409293544733  11   3   6   4
  0.0904233149146770  11   3   7   3
  0.0993530256340182  11   3   7   5
 -0.0316073297683509  11   3   8   1
 -0.0993509934051557  11   3   8   6
 -0.0683797548659467  11   3   9   1
 -0.1717795068933949  11   3   9   6
 -0.0683905886412405  11   3  10   2
 -0.1717743884244178  11   3  10   7
  0.0914795849481749  11   3  11   3
 -0.0304132591026765  11   4   3   1
  0.0304284176288084  11   4   4   2
 -0.0316180323962678  11   4   5   1
 -0.0904409293544733  11   4   6   3
 -0.0993779045161404  11   4   6   5
  0.0904431398816057  11   4   7   4
  0.0316272637412571  11   4   8   2
  0.0993550355279175  11   4   8   7
  0.0683892162740833  11   4   9   2
  0.1717742007158091  11   4   9   7
  0.0683773208290063  11   4  10   1
  0.1717752835753433  11   4  10   6
  0.0914794204552453  11   4  11   4
  0.0316262838924883  11   5   3   2
 -0.0316180323962678  11   5   4   1
  0.0269706653947565  11   5   5   2
 -0.0993779045161404  11   5   6   4
  0.0993530256340182  11   5   7   3
  0.0974760615431947  11   5   7   5
 -0.0269457234454834  11   5   8   1
 -0.0974726384872644  11   5   8   6
 -0.1059177548549853  11   5   9   1
 -0.2576375466807667  11   5   9   6
 -0.1059315529118912  11   5  10   2
 -0.2576352936159634  11   5  10   7
  0.1336284391892071  11   5  11   3
  0.2058225588262702  11   5  11   5
  0.0201550522636826  11   6   2   1
 -0.0904409293544732  11   6   4   3
 -0.0993779045161404  11   6   5   4
  0.0650086236240938  11   6   6   2
  0.0649742444312026  11   6   7   1
  0.1997689267570718  11   6   7   6
 -0.0993509934051557  11   6   8   3
 -0.0974726384872644  11   6   8   5
 -0.1717795068933949  11   6   9   3
 -0.2576375466807667  11   6   9   5
  0.1717752835753433  11   6  10   4
  0.2576384482450587  11   6  10   8
 -0.0797681463501089  11   6  10   9
  0.0971054672715134  11   6  11   1
  0.2425833370193215  11   6  11   6
  0.0201424832553085  11   7   1   1
  0.0201619181890067  11   7   2   2
  0.0904233149146770  11   7   3   3
  0.0904431398816056  11   7   4   4
  0.0993530256340182  11   7   5   3
  0.0974760615431947  11   7   5   5
  0.0649742444312026  11   7   6   1
  0.1997689267570718  11   7   6   6
  0.0649938459841820  11   7   7   2
  0.1997301161383896  11   7   7   7
  0.0993550355279175  11   7   8   4
  0.0974399451898239  11   7   8   8
  0.1717742007158091  11   7   9   4
  0.2576387023067081  11   7   9   8
 -0.0797787053334598  11   7   9   9
 -0.1717743884244178  11   7  10   3
 -0.2576352936159634  11   7  10   5
 -0.0797977392052270  11   7  10  10
  0.0971202993734264  11   7  11   2
  0.2425757561706432  11   7  11   7
 -0.0316073297683509  11   8   3   1
  0.0316272637412571  11   8   4   2
 -0.0269457234454834  11   8   5   1
 -0.0993509934051557  11   8   6   3
 -0.0974726384872644  11   8   6   5
  0.0993550355279175  11   8   7   4
  0.0269561284468064  11   8   8   2
  0.0974399451898239  11   8   8   7
  0.1059337324172506  11   8   9   2
  0.2576387023067081  11   8   9   7
  0.1059198080141005  11   8  10   1
  0.2576384482450587  11   8  10   6
  0.1336248813681296  11   8  11   4
  0.2058299610851747  11   8  11   8
 -0.0683797548659467  11   9   3   1
  0.0683892162740833  11   9   4   2
 -0.1059177548549853  11   9   5   1
 -0.1717795068933949  11   9   6   3
 -0.2576375466807667  11   9   6   5
  0.1717742007158091  11   9   7   4
  0.1059337324172506  11   9   8   2
  0.2576387023067082  11   9   8   7
 -0.0515452715444603  11   9   9   2
 -0.0797787053334598  11   9   9   7
 -0.0515628175886091  11   9  10   1
 -0.0797681463501089  11   9  10   6
 -0.0213888199969365  11   9  11   4
 -0.0939247102123145  11   9  11   8
  0.3741722702520779  11   9  11   9
 -0.0683905886412405  11  10   3   2
  0.0683773208290063  11  10   4   1
 -0.1059315529118912  11  10   5   2
  0.1717752835753433  11  10   6   4
 -0.1717743884244178  11  10   7   3
 -0.2576352936159634  11  10   7   5
  0.1059198080141005  11  10   8   1
  0.2576384482450587  11  10   8   6
 -0.0515628175886091  11  10   9   1
 -0.0797681463501089  11  10   9   6
 -0.0515534034277418  11  10  10   2
 -0.0797977392052270  11  10  10   7
  0.0214127354550827  11  10  11   3
  0.0939091439261888  11  10  11   5
  0.3741848376982298  11  10  11  10
  0.0396209813592880  11  11   1   1
  0.0396320009922133  11  11   2   2
  0.0914795849481749  11  11   3   3
  0.0914794204552453  11  11   4   4
  0.1336284391892071  11  11   5   3
  0.2058225588262702  11  11   5   5
  0.0971054672715134  11  11   6   1
  0.2425833370193215  11  11   6   6
  0.0971202993734264  11  11   7   2
  0.2425757561706432  11  11   7   7
  0.1336248813681296  11  11   8   4
  0.2058299610851747  11  11   8   8
 -0.0213888199969365  11  11   9   4
 -0.0939247102123145  11  11   9   8
  0.3741722702520779  11  11   9   9
  0.0214127354550827  11  11  10   3
  0.0939091439261888  11  11  10   5
  0.3741848376982298  11  11  10  10
 -0.0298620415977643  11  11  11   2
 -0.0401942579101208  11  11  11   7
  0.2601833005020419  11  11  11  11
 -0.0057269662794021  12   1   1   1
 -0.0057339717134457  12   1   2   2
 -0.0304070403630753  12   1   3   3
 -0.0304148065988428  12   1   4   4
 -0.0316091083058564  12   1   5   3
 -0.0269488002434472  12   1   5   5
 -0.0201431678858426  12   1   6   1
 -0.0649758403729807  12   1   6   6
 -0.0201500311964051  12   1   7   2
 -0.0649610664482465  12   1   7   7
 -0.0316100882273217  12   1   8   4
 -0.0269342657826281  12   1   8   8
 -0.0683764599267254  12   1   9   4
 -0.1059187496782074  12   1   9   8
  0.0515637894657969  12   1   9   9
  0.0683778338832377  12   1  10   3
  0.1059165694098812  12   1  10   5
  0.0515719206198831  12   1  10  10
 -0.0396259810099885  12   1  11   2
 -0.0971029554875969  12   1  11   7
  0.0298761806031348  12   1  11  11
  0.0396199634094902  12   1  12   1
 -0.0057339717134457  12   2   2   1
  0.0304221975279106  12   2   4   3
  0.0316290422972987  12   2   5   4
 -0.0201626029372877  12   2   6   2
 -0.0201500311964051  12   2   7   1
 -0.0649954421188908  12   2   7   6
  0.0316183381005884  12   2   8   3
  0.0269592056161837  12   2   8   5
  0.0683897275454720  12   2   9   3
  0.1059304941843763  12   2   9   5
 -0.0683872937601881  12   2  10   4
 -0.1059325462777327  12   2  10   8
  0.0515543755414517  12   2  10   9
 -0.0396259810099885  12   2  11   1
 -0.0971191934264089  12   2  11   6
  0.0396309817639527  12   2  12   2
 -0.0304070403630753  12   3   3   1
  0.0304221975279106  12   3   4   2
 -0.0316091083058564  12   3   5   1
 -0.0904246649295120  12   3   6   3
 -0.0993551696140701  12   3   6   5
  0.0904268757301670  12   3   7   4
  0.0316183381005884  12   3   8   2
  0.0993323015902158  12   3   8   7
  0.0683897275454720  12   3   9   2
  0.1717719768023795  12   3   9   7
  0.0683778338832377  12   3  10   1
  0.1717730588669044  12   3  10   6
  0.0914767465530235  12   3  11   4
  0.1336254010209781  12   3  11   8
 -0.0214142589511029  12   3  11   9
  0.0914740745691323  12   3  12   3
  0.0304221975279106  12   4   3   2
 -0.0304148065988428  12   4   4   1
  0.0316290422972987  12   4   5   2
 -0.0904444897890138  12   4   6   4
  0.0904268757301670  12   4   7   3
  0.0993592115038421  12   4   7   5
 -0.0316100882273217  12   4   8   1
 -0.0993571794264319  12   4   8   6
 -0.0683764599267254  12   4   9   1
 -0.1717728716363982  12   4   9   6
 -0.0683872937601881  12   4  10   2
 -0.1717677523102264  12   4  10   7
  0.0914767465530235  12   4  11   3
  0.1336222263937474  12   4  11   5
  0.0213998894762322  12   4  11  10
  0.0914739086478968  12   4  12   4
 -0.0316091083058564  12   5   3   1
  0.0316290422972987  12   5   4   2
 -0.0269488002434472  12   5   5   1
 -0.0993551696140700  12   5   6   3
 -0.0974796556653368  12   5   6   5
  0.0993592115038421  12   5   7   4
  0.0269592056161837  12   5   8   2
  0.0974469628838596  12   5   8   7
  0.1059304941843763  12   5   9   2
  0.2576323204104681  12   5   9   7
  0.1059165694098812  12   5  10   1
  0.2576320666985435  12   5  10   6
  0.1336222263937474  12   5  11   4
  0.2058238732667606  12   5  11   8
 -0.0939110753604130  12   5  11   9
  0.1336227452053821  12   5  12   3
  0.2058177859841759  12   5  12   5
 -0.0201431678858426  12   6   1   1
 -0.0201626029372877  12   6   2   2
 -0.0904246649295120  12   6   3   3
 -0.0904444897890138  12   6   4   4
 -0.0993551696140700  12   6   5   3
 -0.0974796556653368  12   6   5   5
 -0.0649758403729807  12   6   6   1
 -0.1997727168933237  12   6   6   6
 -0.0649954421188908  12   6   7   2
 -0.1997339063272838  12   6   7   7
 -0.0993571794264319  12   6   8   4
 -0.0974435396493696  12   6   8   8
 -0.1717728716363982  12   6   9   4
 -0.2576354750608323  12   6   9   8
  0.0797708214525555  12   6   9   9
  0.1717730588669044  12   6  10   3
  0.2576320666985436  12   6  10   5
  0.0797898549736112  12   6  10  10
 -0.0971191934264089  12   6  11   2
 -0.2425736799833430  12   6  11   7
  0.0401888560700894  12   6  11  11
  0.0971018493496158  12   6  12   1
  0.2425716039147169  12   6  12   6
 -0.0201500311964051  12   7   2   1
  0.0904268757301670  12   7   4   3
  0.0993592115038421  12   7   5   4
 -0.0649954421188908  12   7   6   2
 -0.0649610664482465  12   7   7   1
 -0.1997339063272838  12   7   7   6
  0.0993323015902158  12   7   8   3
  0.0974469628838596  12   7   8   5
  0.1717719768023795  12   7   9   3
  0.2576323204104682  12   7   9   5
 -0.1717677523102264  12   7  10   4
 -0.2576332249940773  12   7  10   8
  0.0798004140778891  12   7  10   9
 -0.0971029554875969  12   7  11   1
 -0.2425736799833430  12   7  11   6
  0.0971166802025888  12   7  12   2
  0.2425640257761311  12   7  12   7
  0.0316183381005884  12   8   3   2
 -0.0316100882273217  12   8   4   1
  0.0269592056161837  12   8   5   2
 -0.0993571794264319  12   8   6   4
  0.0993323015902158  12   8   7   3
  0.0974469628838596  12   8   7   5
 -0.0269342657826281  12   8   8   1
 -0.0974435396493696  12   8   8   6
 -0.1059187496782074  12   8   9   1
 -0.2576354750608322  12   8   9   6
 -0.1059325462777326  12   8  10   2
 -0.2576332249940773  12   8  10   7
  0.1336254010209781  12   8  11   3
  0.2058238732667606  12   8  11   5
  0.0939423401990337  12   8  11  10
  0.1336191872009425  12   8  12   4
  0.2058251909224489  12   8  12   8
  0.0683897275454720  12   9   3   2
 -0.0683764599267254  12   9   4   1
  0.1059304941843763  12   9   5   2
 -0.1717728716363982  12   9   6   4
  0.1717719768023795  12   9   7   3
  0.2576323204104681  12   9   7   5
 -0.1059187496782074  12   9   8   1
 -0.2576354750608323  12   9   8   6
  0.0515637894657969  12   9   9   1
  0.0797708214525555  12   9   9   6
  0.0515543755414517  12   9  10   2
  0.0798004140778891  12   9  10   7
 -0.0214142589511029  12   9  11   3
 -0.0939110753604130  12   9  11   5
 -0.3741834612983529  12   9  11  10
 -0.0214014129821659  12   9  12   4
 -0.0939442714234889  12   9  12   8
  0.3741820849319836  12   9  12   9
  0.0683778338832377  12  10   3   1
 -0.0683872937601881  12  10   4   2
  0.1059165694098812  12  10   5   1
  0.1717730588669044  12  10   6   3
  0.2576320666985436  12  10   6   5
 -0.1717677523102264  12  10   7   4
 -0.1059325462777326  12  10   8   2
 -0.2576332249940773  12  10   8   7
  0.0515543755414517  12  10   9   2
  0.0798004140778891  12  10   9   7
  0.0515719206198831  12  10  10   1
  0.0797898549736112  12  10  10   6
  0.0213998894762322  12  10  11   4
  0.0939423401990337  12  10  11   8
 -0.3741834612983530  12  10  11   9
  0.0214253287142217  12  10  12   3
  0.0939287047225961  12  10  12   5
  0.3741946538845671  12  10  12  10
 -0.0396259810099885  12  11   2   1
  0.0914767465530235  12  11   4   3
  0.1336222263937474  12  11   5   4
 -0.0971191934264089  12  11   6   2
 -0.0971029554875969  12  11   7   1
 -0.2425736799833430  12  11   7   6
  0.1336254010209781  12  11   8   3
  0.2058238732667606  12  11   8   5
 -0.0214142589511029  12  11   9   3
 -0.0939110753604130  12  11   9   5
  0.0213998894762322  12  11  10   4
  0.0939423401990337  12  11  10   8
 -0.3741834612983530  12  11  10   9
  0.0298761806031348  12  11  11   1
  0.0401888560700894  12  11  11   6
 -0.0298693550867945  12  11  12   2
 -0.0402121502171977  12  11  12   7
  0.2601890256982813  12  11  12  11
  0.0396199634094902  12  12   1   1
  0.0396309817639527  12  12   2   2
  0.0914740745691323  12  12   3   3
  0.0914739086478968  12  12   4   4
  0.1336227452053821  12  12   5   3
  0.2058177859841759  12  12   5   5
  0.0971018493496158  12  12   6   1
  0.2425716039147169  12  12   6   6
  0.0971166802025888  12  12   7   2
  0.2425640257761311  12  12   7   7
  0.1336191872009425  12  12   8   4
  0.2058251909224489  12  12   8   8
 -0.0214014129821659  12  12   9   4
 -0.0939442714234889  12  12   9   8
  0.3741820849319836  12  12   9   9
  0.0214253287142217  12  12  10   3
  0.0939287047225961  12  12  10   5
  0.3741946538845671  12  12  10  10
 -0.0298693550867945  12  12  11   2
 -0.0402121502171977  12  12  11   7
  0.2601890256982812  12  12  11  11
  0.0298834929981298  12  12  12   1
  0.0402067481689554  12  12  12   6
  0.2601947522443087  12  12  12  12
 -0.0011906043434205  13   1   2   1
 -0.0058481552463744  13   1   4   3
 -0.0021348532601888  13   1   5   4
  0.0001379956483784  13   1   6   2
  0.0001333701060562  13   1   7   1
  0.0076658455047625  13   1   7   6
 -0.0021291734769230  13   1   8   3
  0.0075968498522844  13   1   8   5
 -0.0364043502864770  13   1   9   3
 -0.0626094436455684  13   1   9   5
  0.0364016609436746  13   1  10   4
  0.0626136726633457  13   1  10   8
 -0.0641172633691094  13   1  10   9
  0.0228825109483427  13   1  11   1
  0.0526989071266199  13   1  11   6
 -0.0228843133503753  13   1  12   2
 -0.0527000359711860  13   1  12   7
  0.0415931071624909  13   1  12  11
  0.0157079374722400  13   1  13   1
 -0.0011906043434205  13   2   1   1
 -0.0011882270371682  13   2   2   2
  0.0058499556927250  13   2   3   3
  0.0058538587176960  13   2   4   4
  0.0021363149172010  13   2   5   3
 -0.0075868270252555  13   2   5   5
  0.0001379956483784  13   2   6   1
  0.0076781834237179  13   2   6   6
  0.0001399115207488  13   2   7   2
  0.0076715667461061  13   2   7   7
  0.0021371695103304  13   2   8   4
 -0.0075948578290261  13   2   8   8
  0.0364049902618809  13   2   9   4
  0.0626170965604108  13   2   9   8
 -0.0641095650629797  13   2   9   9
 -0.0364081262187004  13   2  10   3
 -0.0626144119075771  13   2  10   5
 -0.0641149204907434  13   2  10  10
  0.0228858769921816  13   2  11   2
  0.0527048589818325  13   2  11   7
 -0.0415871426288154  13   2  11  11
 -0.0228843133503753  13   2  12   1
 -0.0527037524421493  13   2  12   6
 -0.0415913878523681  13   2  12  12
  0.0157088345633985  13   2  13   2
  0.0058499556927250  13   3   3   2
 -0.0058481552463744  13   3   4   1
  0.0021363149172010  13   3   5   2
 -0.0209659440976049  13   3   6   4
  0.0209581724274702  13   3   7   3
  0.0152234106330859  13   3   7   5
 -0.0021291734769230  13   3   8   1
 -0.0152221449480393  13   3   8   6
 -0.0364043502864770  13   3   9   1
 -0.0858156160283037  13   3   9   6
 -0.0364081262187004  13   3  10   2
 -0.0858166804256329  13   3  10   7
  0.0433139036677965  13   3  11   3
  0.0703652015959800  13   3  11   5
  0.0519572322064949  13   3  11  10
  0.0433111798483694  13   3  12   4
  0.0703676040022202  13   3  12   8
 -0.0519577572445153  13   3  12   9
  0.0252454247858031  13   3  13   3
 -0.0058481552463744  13   4   3   1
  0.0058538587176960  13   4   4   2
 -0.0021348532601888  13   4   5   1
 -0.0209659440976049  13   4   6   3
 -0.0152355464336290  13   4   6   5
  0.0209675331053791  13   4   7   4
  0.0021371695103304  13   4   8   2
  0.0152251942108797  13   4   8   7
  0.0364049902618809  13   4   9   2
  0.0858109557878430  13   4   9   7
  0.0364016609436746  13   4  10   1
  0.0858102438002948  13   4  10   6
  0.0433094935857648  13   4  11   4
  0.0703623191643266  13   4  11   8
 -0.0519407442946630  13   4  11   9
  0.0433111798483694  13   4  12   3
  0.0703595881549479  13   4  12   5
  0.0519469593800662  13   4  12  10
  0.0252403629906913  13   4  13   4
  0.0021363149172010  13   5   3   2
 -0.0021348532601888  13   5   4   1
 -0.0075868270252555  13   5   5   2
 -0.0152355464336290  13   5   6   4
  0.0152234106330859  13   5   7   3
 -0.0026738076802038  13   5   7   5
  0.0075968498522844  13   5   8   1
  0.0026761252056320  13   5   8   6
 -0.0626094436455684  13   5   9   1
 -0.1432705512202893  13   5   9   6
 -0.0626144119075771  13   5  10   2
 -0.1432752844657860  13   5  10   7
  0.0703652015959800  13   5  11   3
  0.1204216295390335  13   5  11   5
  0.1204246247755199  13   5  11  10
  0.0703595881549479  13   5  12   4
  0.1204288404908415  13   5  12   8
 -0.1204253086420715  13   5  12   9
  0.0450922222393348  13   5  13   3
  0.0833963403543279  13   5  13   5
  0.0001379956483784  13   6   2   1
 -0.0209659440976049  13   6   4   3
 -0.0152355464336290  13   6   5   4
  0.0076781834237179  13   6   6   2
  0.0076658455047625  13   6   7   1
  0.0367616362520519  13   6   7   6
 -0.0152221449480393  13   6   8   3
  0.0026761252056320  13   6   8   5
 -0.0858156160283037  13   6   9   3
 -0.1432705512202893  13   6   9   5
  0.0858102438002948  13   6  10   4
  0.1432783433426604  13   6  10   8
 -0.1256903317205168  13   6  10   9
  0.0526989071266199  13   6  11   1
  0.1235314518040958  13   6  11   6
 -0.0527037524421493  13   6  12   2
 -0.1235324009239968  13   6  12   7
  0.0802153856852283  13   6  12  11
  0.0345807552444108  13   6  13   1
  0.0769876156363126  13   6  13   6
  0.0001333701060562  13   7   1   1
  0.0001399115207488  13   7   2   2
  0.0209581724274702  13   7   3   3
  0.0209675331053791  13   7   4   4
  0.0152234106330859  13   7   5   3
 -0.0026738076802038  13   7   5   5
  0.0076658455047625  13   7   6   1
  0.0367616362520519  13   7   6   6
  0.0076715667461061  13   7   7   2
  0.0367451737343569  13   7   7   7
  0.0152251942108797  13   7   8   4
 -0.0026925345319705  13   7   8   8
  0.0858109557878430  13   7   9   4
  0.1432805559177521  13   7   9   8
 -0.1256974041523655  13   7   9   9
 -0.0858166804256329  13   7  10   3
 -0.1432752844657860  13   7  10   5
 -0.1257093159665719  13   7  10  10
  0.0527048589818325  13   7  11   2
  0.1235346502705001  13   7  11   7
 -0.0802195506611331  13   7  11  11
 -0.0527000359711860  13   7  12   1
 -0.1235324009239968  13   7  12   6
 -0.0802293131237322  13   7  12  12
  0.0345836084275138  13   7  13   2
  0.0769933834607373  13   7  13   7
 -0.0021291734769230  13   8   3   1
  0.0021371695103304  13   8   4   2
  0.0075968498522844  13   8   5   1
 -0.0152221449480393  13   8   6   3
  0.0026761252056320  13   8   6   5
  0.0152251942108797  13   8   7   4
 -0.0075948578290261  13   8   8   2
 -0.0026925345319705  13   8   8   7
  0.0626170965604108  13   8   9   2
  0.1432805559177521  13   8   9   7
  0.0626136726633457  13   8  10   1
  0.1432783433426604  13   8  10   6
  0.0703623191643266  13   8  11   4
  0.1204345482756818  13   8  11   8
 -0.1204360688947897  13   8  11   9
  0.0703676040022202  13   8  12   3
  0.1204288404908415  13   8  12   5
  0.1204470062757715  13   8  12  10
  0.0450898533417992  13   8  13   4
  0.0834092838212076  13   8  13   8
 -0.0364043502864770  13   9   3   1
  0.0364049902618809  13   9   4   2
 -0.0626094436455684  13   9   5   1
 -0.0858156160283037  13   9   6   3
 -0.1432705512202893  13   9   6   5
  0.0858109557878430  13   9   7   4
  0.0626170965604108  13   9   8   2
  0.1432805559177521  13   9   8   7
 -0.0641095650629797  13   9   9   2
 -0.1256974041523655  13   9   9   7
 -0.0641172633691094  13   9  10   1
 -0.1256903317205168  13   9  10   6
 -0.0519407442946630  13   9  11   4
 -0.1204360688947898  13   9  11   8
  0.2746187431547744  13   9  11   9
 -0.0519577572445153  13   9  12   3
 -0.1204253086420715  13   9  12   5
 -0.2746311447574717  13   9  12  10
 -0.0543199492008362  13   9  13   4
 -0.1138820369618609  13   9  13   8
  0.2161060589434277  13   9  13   9
 -0.0364081262187004  13  10   3   2
  0.0364016609436746  13  10   4   1
 -0.0626144119075771  13  10   5   2
  0.0858102438002948  13  10   6   4
 -0.0858166804256329  13  10   7   3
 -0.1432752844657860  13  10   7   5
  0.0626136726633457  13  10   8   1
  0.1432783433426604  13  10   8   6
 -0.0641172633691094  13  10   9   1
 -0.1256903317205168  13  10   9   6
 -0.0641149204907434  13  10  10   2
 -0.1257093159665719  13  10  10   7
  0.0519572322064949  13  10  11   3
  0.1204246247755199  13  10  11   5
  0.2746315115758150  13  10  11  10
  0.0519469593800662  13  10  12   4
  0.1204470062757715  13  10  12   8
 -0.2746311447574717  13  10  12   9
  0.0543325291131610  13  10  13   3
  0.1138730240107613  13  10  13   5
  0.2161174219114877  13  10  13  10
  0.0228825109483427  13  11   1   1
  0.0228858769921816  13  11   2   2
  0.0433139036677965  13  11   3   3
  0.0433094935857648  13  11   4   4
  0.0703652015959800  13  11   5   3
  0.1204216295390335  13  11   5   5
  0.0526989071266199  13  11   6   1
  0.1235314518040958  13  11   6   6
  0.0527048589818325  13  11   7   2
  0.1235346502705002  13  11   7   7
  0.0703623191643266  13  11   8   4
  0.1204345482756818  13  11   8   8
 -0.0519407442946630  13  11   9   4
 -0.1204360688947898  13  11   9   8
  0.2746187431547744  13  11   9   9
  0.0519572322064949  13  11  10   3
  0.1204246247755199  13  11  10   5
  0.2746315115758151  13  11  10  10
 -0.0415871426288154  13  11  11   2
 -0.0802195506611331  13  11  11   7
  0.1876461100526131  13  11  11  11
  0.0415931071624909  13  11  12   1
  0.0802153856852282  13  11  12   6
  0.1876539254682482  13  11  12  12
 -0.0400239613667157  13  11  13   2
 -0.0819443646385642  13  11  13   7
  0.1464358359340578  13  11  13  11
 -0.0228843133503753  13  12   2   1
  0.0433111798483694  13  12   4   3
  0.0703595881549479  13  12   5   4
 -0.0527037524421493  13  12   6   2
 -0.0527000359711859  13  12   7   1
 -0.1235324009239968  13  12   7   6
  0.0703676040022202  13  12   8   3
  0.1204288404908415  13  12   8   5
 -0.0519577572445153  13  12   9   3
 -0.1204253086420715  13  12   9   5
  0.0519469593800662  13  12  10   4
  0.1204470062757715  13  12  10   8
 -0.2746311447574717  13  12  10   9
  0.0415931071624909  13  12  11   1
  0.0802153856852282  13  12  11   6
 -0.0415913878523681  13  12  12   2
 -0.0802293131237322  13  12  12   7
  0.1876539254682481  13  12  12  11
  0.0400270179558335  13  12  13   1
  0.0819410127520753  13  12  13   6
  0.1464433267424403  13  12  13  12
  0.0157079374722400  13  13   1   1
  0.0157088345633985  13  13   2   2
  0.0252454247858031  13  13   3   3
  0.0252403629906913  13  13   4   4
  0.0450922222393348  13  13   5   3
  0.0833963403543279  13  13   5   5
  0.0345807552444108  13  13   6   1
  0.0769876156363126  13  13   6   6
  0.0345836084275138  13  13   7   2
  0.0769933834607373  13  13   7   7
  0.0450898533417992  13  13   8   4
  0.0834092838212076  13  13   8   8
 -0.0543199492008362  13  13   9   4
 -0.1138820369618609  13  13   9   8
  0.2161060589434277  13  13   9   9
  0.0543325291131610  13  13  10   3
  0.1138730240107613  13  13  10   5
  0.2161174219114878  13  13  10  10
 -0.0400239613667157  13  13  11   2
 -0.0819443646385642  13  13  11   7
  0.1464358359340578  13  13  11  11
  0.0400270179558335  13  13  12   1
  0.0819410127520753  13  13  12   6
  0.1464433267424403  13  13  12  12
 -0.0350212397223936  13  13  13   2
 -0.0730429875282147  13  13  13   7
  0.1184683986614589  13  13  13  11
  0.0973052034217722  13  13  13  13
  0.0011921875795087  14   1   1   1
  0.0011898111606542  14   1   2   2
 -0.0058448808682634  14   1   3   3
 -0.0058487832563866  14   1   4   4
 -0.0021299597602654  14   1   5   3
  0.0075948202021197  14   1   5   5
 -0.0001336109327726  14   1   6   1
 -0.0076660193115491  14   1   6   6
 -0.0001355258226554  14   1   7   2
 -0.0076594040666206  14   1   7   7
 -0.0021308143721508  14   1   8   4
  0.0076028500128252  14   1   8   8
 -0.0363999419989531  14   1   9   4
 -0.0626109799865237  14   1   9   8
  0.0641157907468319  14   1   9   9
  0.0364030785124213  14   1  10   3
  0.0626082950775900  14   1  10   5
  0.0641211458551484  14   1  10  10
 -0.0228834408197348  14   1  11   2
 -0.0526979649807043  14   1  11   7
  0.0415919655457365  14   1  11  11
  0.0228818780711429  14   1  12   1
  0.0526968583810191  14   1  12   6
  0.0415962103257423  14   1  12  12
 -0.0157081097266896  14   1  13   2
 -0.0345815034558758  14   1  13   7
  0.0400257839627594  14   1  13  11
  0.0350220369234306  14   1  13  13
  0.0157073852262665  14   1  14   1
  0.0011898111606542  14   2   2   1
  0.0058505837604202  14   2   4   3
  0.0021379553286695  14   2   5   4
 -0.0001401520453793  14   2   6   2
 -0.0001355258226554  14   2   7   1
 -0.0076717403212462  14   2   7   6
  0.0021322752208470  14   2   8   3
 -0.0075928281064890  14   2   8   5
  0.0364064069433146  14   2   9   3
  0.0626117189620196  14   2   9   5
 -0.0364037177312446  14   2  10   4
 -0.0626159475825985  14   2  10   8
  0.0641134480922913  14   2  10   9
 -0.0228834408197348  14   2  11   1
 -0.0527016812066411  14   2  11   6
  0.0228852434979071  14   2  12   2
  0.0527028096147452  14   2  12   7
 -0.0415902463417319  14   2  12  11
 -0.0157081097266896  14   2  13   1
 -0.0345813853747611  14   2  13   6
 -0.0400256516741597  14   2  13  12
  0.0157082820563486  14   2  14   2
 -0.0058448808682634  14   3   3   1
  0.0058505837604202  14   3   4   2
 -0.0021299597602654  14   3   5   1
 -0.0209575567351716  14   3   6   3
 -0.0152233845830611  14   3   6   5
  0.0209591459443991  14   3   7   4
  0.0021322752208470  14   3   8   2
  0.0152130325742504  14   3   8   7
  0.0364064069433146  14   3   9   2
  0.0858123892525751  14   3   9   7
  0.0364030785124213  14   3  10   1
  0.0858116768010201  14   3  10   6
  0.0433093547742103  14   3  11   4
  0.0703647968821423  14   3  11   8
 -0.0519564988144371  14   3  11   9
  0.0433110421554603  14   3  12   3
  0.0703620653202671  14   3  12   5
  0.0519627142509311  14   3  12  10
  0.0252420853993198  14   3  13   4
  0.0450941932972078  14   3  13   8
 -0.0543310946530908  14   3  13   9
  0.0252438084832617  14   3  14   3
  0.0058505837604202  14   4   3   2
 -0.0058487832563866  14   4   4   1
  0.0021379553286695  14   4   5   2
 -0.0209669168809087  14   4   6   4
  0.0209591459443991  14   4   7   3
  0.0152264335453907  14   4   7   5
 -0.0021308143721508  14   4   8   1
 -0.0152251680373467  14   4   8   6
 -0.0363999419989531  14   4   9   1
 -0.0858059526379881  14   4   9   6
 -0.0364037177312446  14   4  10   2
 -0.0858070164169074  14   4  10   7
  0.0433093547742103  14   4  11   3
  0.0703567812276552  14   4  11   5
  0.0519457013160693  14   4  11  10
  0.0433066314412754  14   4  12   4
  0.0703591828236881  14   4  12   8
 -0.0519462263274637  14   4  12   9
  0.0252420853993198  14   4  13   3
  0.0450857761524116  14   4  13   5
  0.0543225044241211  14   4  13  10
  0.0252387465357507  14   4  14   4
 -0.0021299597602654  14   5   3   1
  0.0021379553286695  14   5   4   2
  0.0075948202021197  14   5   5   1
 -0.0152233845830611  14   5   6   3
  0.0026723656080741  14   5   6   5
  0.0152264335453907  14   5   7   4
 -0.0075928281064890  14   5   8   2
 -0.0026887736958602  14   5   8   7
  0.0626117189620196  14   5   9   2
  0.1432687783087701  14   5   9   7
  0.0626082950775900  14   5  10   1
  0.1432665660444384  14   5  10   6
  0.0703567812276552  14   5  11   4
  0.1204242773380102  14   5  11   8
 -0.1204219251913624  14   5  11   9
  0.0703620653202671  14   5  12   3
  0.1204185701668463  14   5  12   5
  0.1204328616028050  14   5  12  10
  0.0450857761524116  14   5  13   4
  0.0834014051128473  14   5  13   8
 -0.1138697572678009  14   5  13   9
  0.0450901155667634  14   5  14   3
  0.0833935271869405  14   5  14   5
 -0.0001336109327726  14   6   1   1
 -0.0001401520453793  14   6   2   2
 -0.0209575567351716  14   6   3   3
 -0.0209669168809087  14   6   4   4
 -0.0152233845830611  14   6   5   3
  0.0026723656080741  14   6   5   5
 -0.0076660193115491  14   6   6   1
 -0.0367610711538722  14   6   6   6
 -0.0076717403212462  14   6   7   2
 -0.0367446095227618  14   6   7   7
 -0.0152251680373467  14   6   8   4
  0.0026910913508411  14   6   8   8
 -0.0858059526379881  14   6   9   4
 -0.1432718370997043  14   6   9   8
  0.1256879260861587  14   6   9   9
  0.0858116768010201  14   6  10   3
  0.1432665660444383  14   6  10   5
  0.1256998371456802  14   6  10  10
 -0.0527016812066411  14   6  11   2
 -0.1235273887186403  14   6  11   7
  0.0802133677115459  14   6  11  11
  0.0526968583810191  14   6  12   1
  0.1235251395336342  14   6  12   6
  0.0802231295843137  14   6  12  12
 -0.0345813853747611  14   6  13   2
 -0.0769885118094071  14   6  13   7
  0.0819385385748741  14   6  13  11
  0.0730379249016625  14   6  13  13
  0.0345792804923266  14   6  14   1
  0.0769836404732650  14   6  14   6
 -0.0001355258226554  14   7   2   1
  0.0209591459443991  14   7   4   3
  0.0152264335453907  14   7   5   4
 -0.0076717403212462  14   7   6   2
 -0.0076594040666206  14   7   7   1
 -0.0367446095227618  14   7   7   6
  0.0152130325742503  14   7   8   3
 -0.0026887736958602  14   7   8   5
  0.0858123892525751  14   7   9   3
  0.1432687783087700  14   7   9   5
 -0.0858070164169074  14   7  10   4
 -0.1432765719602201  14   7  10   8
  0.1257069095727384  14   7  10   9
 -0.0526979649807043  14   7  11   1
 -0.1235273887186403  14   7  11   6
  0.0527028096147452  14   7  12   2
  0.1235283392357148  14   7  12   7
 -0.0802272946276936  14   7  12  11
 -0.0345815034558758  14   7  13   1
 -0.0769885118094071  14   7  13   6
 -0.0819483224644881  14   7  13  12
  0.0345821333749795  14   7  14   2
  0.0769894086749705  14   7  14   7
  0.0021322752208470  14   8   3   2
 -0.0021308143721508  14   8   4   1
 -0.0075928281064890  14   8   5   2
 -0.0152251680373467  14   8   6   4
  0.0152130325742504  14   8   7   3
 -0.0026887736958602  14   8   7   5
  0.0076028500128252  14   8   8   1
  0.0026910913508411  14   8   8   6
 -0.0626109799865237  14   8   9   1
 -0.1432718370997043  14   8   9   6
 -0.0626159475825985  14   8  10   2
 -0.1432765719602201  14   8  10   7
  0.0703647968821423  14   8  11   3
  0.1204242773380102  14   8  11   5
  0.1204436220642500  14   8  11  10
  0.0703591828236881  14   8  12   4
  0.1204314900568048  14   8  12   8
 -0.1204443058344379  14   8  12   9
  0.0450941932972078  14   8  13   3
  0.0834014051128473  14   8  13   5
  0.1138863679537423  14   8  13  10
  0.0450877466891464  14   8  14   4
  0.0834064708605140  14   8  14   8
  0.0364064069433146  14   9   3   2
 -0.0363999419989531  14   9   4   1
  0.0626117189620196  14   9   5   2
 -0.0858059526379881  14   9   6   4
  0.0858123892525751  14   9   7   3
  0.1432687783087700  14   9   7   5
 -0.0626109799865237  14   9   8   1
 -0.1432718370997043  14   9   8   6
  0.0641157907468319  14   9   9   1
  0.1256879260861588  14   9   9   6
  0.0641134480922913  14   9  10   2
  0.1257069095727384  14   9  10   7
 -0.0519564988144371  14   9  11   3
 -0.1204219251913624  14   9  11   5
 -0.2746217420692099  14   9  11  10
 -0.0519462263274637  14   9  12   4
 -0.1204443058344379  14   9  12   8
  0.2746213752837078  14   9  12   9
 -0.0543310946530908  14   9  13   3
 -0.1138697572678009  14   9  13   5
 -0.2161101816173218  14   9  13  10
 -0.0543210702726203  14   9  14   4
 -0.1138831007176676  14   9  14   8
  0.2161029415785624  14   9  14   9
  0.0364030785124213  14  10   3   1
 -0.0364037177312446  14  10   4   2
  0.0626082950775900  14  10   5   1
  0.0858116768010201  14  10   6   3
  0.1432665660444383  14  10   6   5
 -0.0858070164169074  14  10   7   4
 -0.0626159475825985  14  10   8   2
 -0.1432765719602201  14  10   8   7
  0.0641134480922913  14  10   9   2
  0.1257069095727384  14  10   9   7
  0.0641211458551484  14  10  10   1
  0.1256998371456802  14  10  10   6
  0.0519457013160693  14  10  11   4
  0.1204436220642500  14  10  11   8
 -0.2746217420692099  14  10  11   9
  0.0519627142509311  14  10  12   3
  0.1204328616028049  14  10  12   5
  0.2746341443146080  14  10  12  10
  0.0543225044241211  14  10  13   4
  0.1138863679537423  14  10  13   8
 -0.2161101816173218  14  10  13   9
  0.0543336499475346  14  10  14   3
  0.1138740878955591  14  10  14   5
  0.2161143045689934  14  10  14  10
 -0.0228834408197348  14  11   2   1
  0.0433093547742103  14  11   4   3
  0.0703567812276552  14  11   5   4
 -0.0527016812066411  14  11   6   2
 -0.0526979649807043  14  11   7   1
 -0.1235273887186403  14  11   7   6
  0.0703647968821423  14  11   8   3
  0.1204242773380102  14  11   8   5
 -0.0519564988144371  14  11   9   3
 -0.1204219251913624  14  11   9   5
  0.0519457013160693  14  11  10   4
  0.1204436220642500  14  11  10   8
 -0.2746217420692099  14  11  10   9
  0.0415919655457365  14  11  11   1
  0.0802133677115459  14  11  11   6
 -0.0415902463417319  14  11  12   2
 -0.0802272946276936  14  11  12   7
  0.1876474531092431  14  11  12  11
  0.0400257839627594  14  11  13   1
  0.0819385385748741  14  11  13   6
  0.1464384380495575  14  11  13  12
 -0.0400244177383965  14  11  14   2
 -0.0819458480164717  14  11  14   7
  0.1464335495220650  14  11  14  11
  0.0228818780711429  14  12   1   1
  0.0228852434979071  14  12   2   2
  0.0433110421554603  14  12   3   3
  0.0433066314412754  14  12   4   4
  0.0703620653202670  14  12   5   3
  0.1204185701668463  14  12   5   5
  0.0526968583810191  14  12   6   1
  0.1235251395336342  14  12   6   6
  0.0527028096147452  14  12   7   2
  0.1235283392357148  14  12   7   7
  0.0703591828236881  14  12   8   4
  0.1204314900568048  14  12   8   8
 -0.0519462263274637  14  12   9   4
 -0.1204443058344379  14  12   9   8
  0.2746213752837078  14  12   9   9
  0.0519627142509311  14  12  10   3
  0.1204328616028049  14  12  10   5
  0.2746341443146080  14  12  10  10
 -0.0415902463417319  14  12  11   2
 -0.0802272946276936  14  12  11   7
  0.1876474531092431  14  12  11  11
  0.0415962103257423  14  12  12   1
  0.0802231295843137  14  12  12   6
  0.1876552690967228  14  12  12  12
 -0.0400256516741597  14  12  13   2
 -0.0819483224644881  14  12  13   7
  0.1464384380495575  14  12  13  11
  0.1184710460356776  14  12  13  13
  0.0400274740515293  14  12  14   1
  0.0819424961678044  14  12  14   6
  0.1464410404122891  14  12  14  12
 -0.0157081097266896  14  13   2   1
  0.0252420853993198  14  13   4   3
  0.0450857761524116  14  13   5   4
 -0.0345813853747611  14  13   6   2
 -0.0345815034558758  14  13   7   1
 -0.0769885118094071  14  13   7   6
  0.0450941932972078  14  13   8   3
  0.0834014051128473  14  13   8   5
 -0.0543310946530908  14  13   9   3
 -0.1138697572678009  14  13   9   5
  0.0543225044241211  14  13  10   4
  0.1138863679537423  14  13  10   8
 -0.2161101816173218  14  13  10   9
  0.0400257839627594  14  13  11   1
  0.0819385385748741  14  13  11   6
 -0.0400256516741597  14  13  12   2
 -0.0819483224644882  14  13  12   7
  0.1464384380495575  14  13  12  11
  0.0350220369234306  14  13  13   1
  0.0730379249016625  14  13  13   6
  0.1184710460356776  14  13  13  12
 -0.0350212338702003  14  13  14   2
 -0.0730431461686181  14  13  14   7
  0.1184671477560669  14  13  14  11
  0.0973043775289728  14  13  14  13
  0.0157073852262665  14  14   1   1
  0.0157082820563486  14  14   2   2
  0.0252438084832617  14  14   3   3
  0.0252387465357507  14  14   4   4
  0.0450901155667634  14  14   5   3
  0.0833935271869405  14  14   5   5
  0.0345792804923266  14  14   6   1
  0.0769836404732650  14  14   6   6
  0.0345821333749795  14  14   7   2
  0.0769894086749705  14  14   7   7
  0.0450877466891464  14  14   8   4
  0.0834064708605140  14  14   8   8
 -0.0543210702726203  14  14   9   4
 -0.1138831007176676  14  14   9   8
  0.2161029415785624  14  14   9   9
  0.0543336499475346  14  14  10   3
  0.1138740878955591  14  14  10   5
  0.2161143045689934  14  14  10  10
 -0.0400244177383965  14  14  11   2
 -0.0819458480164717  14  14  11   7
  0.1464335495220650  14  14  11  11
  0.0400274740515293  14  14  12   1
  0.0819424961678044  14  14  12   6
  0.1464410404122891  14  14  12  12
 -0.0350212338702003  14  14  13   2
 -0.0730431461686181  14  14  13   7
  0.1184671477560669  14  14  13  11
  0.0973043775289728  14  14  13  13
  0.0350220309694986  14  14  14   1
  0.0730380835473985  14  14  14   6
  0.1184697951770426  14  14  14  12
  0.0973035516705361  14  14  14  14
 -0.0039367525058067  15   1   3   2
  0.0039360207286606  15   1   4   1
 -0.0064301941040766  15   1   5   2
  0.0095866916630786  15   1   6   4
 -0.0095870095993955  15   1   7   3
 -0.0151573661180512  15   1   7   5
  0.0064298126808804  15   1   8   1
  0.0151576214321474  15   1   8   6
 -0.0049277386988363  15   1   9   1
 -0.0090395276068384  15   1   9   6
 -0.0049273394238204  15   1  10   2
 -0.0090414036933998  15   1  10   7
  0.0034001401785604  15   1  11   3
  0.0091697800234762  15   1  11   5
  0.0255704725850800  15   1  11  10
  0.0033992171928760  15   1  12   4
  0.0091719425732581  15   1  12   8
 -0.0255704129115127  15   1  12   9
  0.0044162903721475  15   1  13   3
  0.0095915535504161  15   1  13   5
  0.0195450958723130  15   1  13  10
  0.0044154189324165  15   1  14   4
  0.0095928197431712  15   1  14   8
 -0.0195444245174880  15   1  14   9
  0.0017889614471771  15   1  15   1
 -0.0039367525058067  15   2   3   1
  0.0039370623133943  15   2   4   2
 -0.0064301941040766  15   2   5   1
 -0.0095885223219527  15   2   6   3
 -0.0151589959032857  15   2   6   5
  0.0095881187892528  15   2   7   4
  0.0064310683778325  15   2   8   2
  0.0151595640383477  15   2   8   7
 -0.0049264170339657  15   2   9   2
 -0.0090390248952756  15   2   9   7
 -0.0049273394238204  15   2  10   1
 -0.0090383394798637  15   2  10   6
 -0.0033978516027005  15   2  11   4
 -0.0091700390848229  15   2  11   8
  0.0255706310045979  15   2  11   9
 -0.0033995015263784  15   2  12   3
 -0.0091690670560786  15   2  12   5
 -0.0255716195273709  15   2  12  10
 -0.0044149568753392  15   2  13   4
 -0.0095922081005973  15   2  13   8
  0.0195446892293010  15   2  13   9
 -0.0044160112299251  15   2  14   3
 -0.0095911400770193  15   2  14   5
 -0.0195449968316023  15   2  14  10
  0.0017890100537930  15   2  15   2
 -0.0039367525058067  15   3   2   1
  0.0089190829808102  15   3   4   3
  0.0131542262318635  15   3   5   4
 -0.0095885223219527  15   3   6   2
 -0.0095870095993955  15   3   7   1
 -0.0238052972781327  15   3   7   6
  0.0131546513589781  15   3   8   3
  0.0204759001132237  15   3   8   5
 -0.0028301712076142  15   3   9   3
 -0.0105047020299935  15   3   9   5
  0.0028286992700377  15   3  10   4
  0.0105078727639352  15   3  10   8
 -0.0382132886463864  15   3  10   9
  0.0034001401785604  15   3  11   1
  0.0050044932808406  15   3  11   6
 -0.0033995015263784  15   3  12   2
 -0.0050068159311464  15   3  12   7
  0.0265128944642635  15   3  12  11
  0.0044162903721475  15   3  13   1
  0.0086013803802664  15   3  13   6
  0.0193187462378797  15   3  13  12
 -0.0044160112299251  15   3  14   2
 -0.0086025711784079  15   3  14   7
  0.0193180827965564  15   3  14  11
  0.0151500647132056  15   3  14  13
  0.0027051244987831  15   3  15   3
  0.0039360207286606  15   4   1   1
  0.0039370623133943  15   4   2   2
  0.0089190829808102  15   4   3   3
  0.0089189901794657  15   4   4   4
  0.0131542262318635  15   4   5   3
  0.0204742871974785  15   4   5   5
  0.0095866916630786  15   4   6   1
  0.0238050814729366  15   4   6   6
  0.0095881187892528  15   4   7   2
  0.0238044626310755  15   4   7   7
  0.0131538581257547  15   4   8   4
  0.0204751757114056  15   4   8   8
 -0.0028262760496892  15   4   9   4
 -0.0105035163406034  15   4   9   8
  0.0382079114332245  15   4   9   9
  0.0028286992700377  15   4  10   3
  0.0105019264733339  15   4  10   5
  0.0382092575446997  15   4  10  10
 -0.0033978516027005  15   4  11   2
 -0.0050030778450465  15   4  11   7
  0.0265094524623478  15   4  11  11
  0.0033992171928760  15   4  12   1
  0.0050025226957358  15   4  12   6
  0.0265101011086933  15   4  12  12
 -0.0044149568753392  15   4  13   2
 -0.0086002260462280  15   4  13   7
  0.0193155688813211  15   4  13  11
  0.0151478275392064  15   4  13  13
  0.0044154189324165  15   4  14   1
  0.0085995718602273  15   4  14   6
  0.0193157346665302  15   4  14  12
  0.0151476016357334  15   4  14  14
  0.0027044709274664  15   4  15   4
 -0.0064301941040766  15   5   2   1
  0.0131542262318635  15   5   4   3
  0.0204742871974785  15   5   5   4
 -0.0151589959032857  15   5   6   2
 -0.0151573661180512  15   5   7   1
 -0.0364233072067792  15   5   7   6
  0.0204759001132237  15   5   8   3
  0.0336771823573896  15   5   8   5
 -0.0105047020299935  15   5   9   3
 -0.0269920348427624  15   5   9   5
  0.0105019264733339  15   5  10   4
  0.0269977549209701  15   5  10   8
 -0.0711134592568878  15   5  10   9
  0.0091697800234762  15   5  11   1
  0.0166435361225037  15   5  11   6
 -0.0091690670560786  15   5  12   2
 -0.0166474004354291  15   5  12   7
  0.0488609032126482  15   5  12  11
  0.0095915535504161  15   5  13   1
  0.0193407124786384  15   5  13   6
  0.0372110360519392  15   5  13  12
 -0.0095911400770193  15   5  14   2
 -0.0193427217111034  15   5  14   7
  0.0372097814220194  15   5  14  11
  0.0297824802275577  15   5  14  13
  0.0050138499602860  15   5  15   3
  0.0095256504394603  15   5  15   5
 -0.0095885223219527  15   6   3   2
  0.0095866916630786  15   6   4   1
 -0.0151589959032857  15   6   5   2
  0.0238050814729366  15   6   6   4
 -0.0238052972781327  15   6   7   3
 -0.0364233072067792  15   6   7   5
  0.0151576214321474  15   6   8   1
  0.0364238175996614  15   6   8   6
 -0.0090395276068384  15   6   9   1
 -0.0152925706350017  15   6   9   6
 -0.0090383394798637  15   6  10   2
 -0.0152968791062355  15   6  10   7
  0.0050044932808406  15   6  11   3
  0.0166435361225037  15   6  11   5
  0.0561857292797360  15   6  11  10
  0.0050025226957358  15   6  12   4
  0.0166484228183566  15   6  12   8
 -0.0561855543707367  15   6  12   9
  0.0086013803802664  15   6  13   3
  0.0193407124786384  15   6  13   5
  0.0419557740920955  15   6  13  10
  0.0085995718602273  15   6  14   4
  0.0193435354416092  15   6  14   8
 -0.0419543036956242  15   6  14   9
  0.0038779325142424  15   6  15   1
  0.0084720405522802  15   6  15   6
 -0.0095870095993955  15   7   3   1
  0.0095881187892528  15   7   4   2
 -0.0151573661180512  15   7   5   1
 -0.0238052972781327  15   7   6   3
 -0.0364233072067792  15   7   6   5
  0.0238044626310755  15   7   7   4
  0.0151595640383477  15   7   8   2
  0.0364239332904108  15   7   8   7
 -0.0090390248952756  15   7   9   2
 -0.0152984312148819  15   7   9   7
 -0.0090414036933998  15   7  10   1
 -0.0152968791062355  15   7  10   6
 -0.0050030778450465  15   7  11   4
 -0.0166494851206139  15   7  11   8
  0.0561871647595340  15   7  11   9
 -0.0050068159311464  15   7  12   3
 -0.0166474004354291  15   7  12   5
 -0.0561890522412893  15   7  12  10
 -0.0086002260462280  15   7  13   4
 -0.0193449394458403  15   7  13   8
  0.0419570977168612  15   7  13   9
 -0.0086025711784079  15   7  14   3
 -0.0193427217111034  15   7  14   5
 -0.0419576430211492  15   7  14  10
  0.0038782107579312  15   7  15   2
  0.0084728328005723  15   7  15   7
  0.0064298126808804  15   8   1   1
  0.0064310683778325  15   8   2   2
  0.0131546513589781  15   8   3   3
  0.0131538581257547  15   8   4   4
  0.0204759001132237  15   8   5   3
  0.0336771823573896  15   8   5   5
  0.0151576214321474  15   8   6   1
  0.0364238175996614  15   8   6   6
  0.0151595640383477  15   8   7   2
  0.0364239332904108  15   8   7   7
  0.0204751757114056  15   8   8   4
  0.0336799190956523  15   8   8   8
 -0.0105035163406034  15   8   9   4
 -0.0270007170052433  15   8   9   8
  0.0711175988567467  15   8   9   9
  0.0105078727639352  15   8  10   3
  0.0269977549209701  15   8  10   5
  0.0711206171956772  15   8  10  10
 -0.0091700390848229  15   8  11   2
 -0.0166494851206139  15   8  11   7
  0.0488637781089779  15   8  11  11
  0.0091719425732581  15   8  12   1
  0.0166484228183566  15   8  12   6
  0.0488655081825737  15   8  12  12
 -0.0095922081005973  15   8  13   2
 -0.0193449394458403  15   8  13   7
  0.0372134650306829  15   8  13  11
  0.0297854942147114  15   8  13  13
  0.0095928197431712  15   8  14   1
  0.0193435354416092  15   8  14   6
  0.0372140074403604  15   8  14  12
  0.0297851355288170  15   8  14  14
  0.0050135653827458  15   8  15   4
  0.0095272789763822  15   8  15   8
 -0.0049277386988363  15   9   1   1
 -0.0049264170339657  15   9   2   2
 -0.0028301712076142  15   9   3   3
 -0.0028262760496892  15   9   4   4
 -0.0105047020299935  15   9   5   3
 -0.0269920348427624  15   9   5   5
 -0.0090395276068384  15   9   6   1
 -0.0152925706350017  15   9   6   6
 -0.0090390248952756  15   9   7   2
 -0.0152984312148819  15   9   7   7
 -0.0105035163406034  15   9   8   4
 -0.0270007170052433  15   9   8   8
  0.0382079114332245  15   9   9   4
  0.0711175988567467  15   9   9   8
 -0.0990851697558476  15   9   9   9
 -0.0382132886463864  15   9  10   3
 -0.0711134592568878  15   9  10   5
 -0.0990916807127399  15   9  10  10
  0.0255706310045979  15   9  11   2
  0.0561871647595340  15   9  11   7
 -0.0659256201872492  15   9  11  11
 -0.0255704129115127  15   9  12   1
 -0.0561855543707367  15   9  12   6
 -0.0659303809906697  15   9  12  12
  0.0195446892293010  15   9  13   2
  0.0419570977168612  15   9  13   7
 -0.0575168801155254  15   9  13  11
 -0.0486496989169639  15   9  13  13
 -0.0195444245174880  15   9  14   1
 -0.0419543036956242  15   9  14   6
 -0.0575186872057980  15   9  14  12
 -0.0486494770285531  15   9  14  14
 -0.0068936798035832  15   9  15   4
 -0.0141524121129295  15   9  15   8
  0.0256575782819370  15   9  15   9
 -0.0049273394238204  15  10   2   1
  0.0028286992700377  15  10   4   3
  0.0105019264733339  15  10   5   4
 -0.0090383394798637  15  10   6   2
 -0.0090414036933998  15  10   7   1
 -0.0152968791062355  15  10   7   6
  0.0105078727639352  15  10   8   3
  0.0269977549209701  15  10   8   5
 -0.0382132886463864  15  10   9   3
 -0.0711134592568878  15  10   9   5
  0.0382092575446997  15  10  10   4
  0.0711206171956772  15  10  10   8
 -0.0990916807127399  15  10  10   9
  0.0255704725850800  15  10  11   1
  0.0561857292797360  15  10  11   6
 -0.0255716195273709  15  10  12   2
 -0.0561890522412893  15  10  12   7
  0.0659302198100357  15  10  12  11
  0.0195450958723130  15  10  13   1
  0.0419557740920955  15  10  13   6
  0.0575204524867058  15  10  13  12
 -0.0195449968316023  15  10  14   2
 -0.0419576430211492  15  10  14   7
  0.0575186142662483  15  10  14  11
  0.0486510097252981  15  10  14  13
  0.0068951603218964  15  10  15   3
  0.0141513417956603  15  10  15   5
  0.0256589708396736  15  10  15  10
  0.0034001401785604  15  11   3   1
 -0.0033978516027005  15  11   4   2
  0.0091697800234762  15  11   5   1
  0.0050044932808406  15  11   6   3
  0.0166435361225037  15  11   6   5
 -0.0050030778450465  15  11   7   4
 -0.0091700390848229  15  11   8   2
 -0.0166494851206139  15  11   8   7
  0.0255706310045979  15  11   9   2
  0.0561871647595340  15  11   9   7
  0.0255704725850800  15  11  10   1
  0.0561857292797360  15  11  10   6
  0.0265094524623478  15  11  11   4
  0.0488637781089779  15  11  11   8
 -0.0659256201872492  15  11  11   9
  0.0265128944642635  15  11  12   3
  0.0488609032126482  15  11  12   5
  0.0659302198100357  15  11  12  10
  0.0193155688813211  15  11  13   4
  0.0372134650306829  15  11  13   8
 -0.0575168801155254  15  11  13   9
  0.0193180827965564  15  11  14   3
  0.0372097814220194  15  11  14   5
  0.0575186142662483  15  11  14  10
 -0.0049931345259554  15  11  15   2
 -0.0103509679592586  15  11  15   7
  0.0173452418064583  15  11  15  11
 -0.0033995015263784  15  12   3   2
  0.0033992171928760  15  12   4   1
 -0.0091690670560786  15  12   5   2
  0.0050025226957358  15  12   6   4
 -0.0050068159311464  15  12   7   3
 -0.0166474004354291  15  12   7   5
  0.0091719425732581  15  12   8   1
  0.0166484228183566  15  12   8   6
 -0.0255704129115127  15  12   9   1
 -0.0561855543707367  15  12   9   6
 -0.0255716195273709  15  12  10   2
 -0.0561890522412893  15  12  10   7
  0.0265128944642635  15  12  11   3
  0.0488609032126482  15  12  11   5
  0.0659302198100357  15  12  11  10
  0.0265101011086933  15  12  12   4
  0.0488655081825737  15  12  12   8
 -0.0659303809906697  15  12  12   9
  0.0193187462378797  15  12  13   3
  0.0372110360519392  15  12  13   5
  0.0575204524867058  15  12  13  10
  0.0193157346665302  15  12  14   4
  0.0372140074403604  15  12  14   8
 -0.0575186872057980  15  12  14   9
  0.0049934433129502  15  12  15   1
  0.0103505675434212  15  12  15   6
  0.0173461754784759  15  12  15  12
  0.0044162903721475  15  13   3   1
 -0.0044149568753392  15  13   4   2
  0.0095915535504161  15  13   5   1
  0.0086013803802664  15  13   6   3
  0.0193407124786384  15  13   6   5
 -0.0086002260462280  15  13   7   4
 -0.0095922081005973  15  13   8   2
 -0.0193449394458403  15  13   8   7
  0.0195446892293010  15  13   9   2
  0.0419570977168612  15  13   9   7
  0.0195450958723130  15  13  10   1
  0.0419557740920955  15  13  10   6
  0.0193155688813211  15  13  11   4
  0.0372134650306830  15  13  11   8
 -0.0575168801155254  15  13  11   9
  0.0193187462378797  15  13  12   3
  0.0372110360519392  15  13  12   5
  0.0575204524867058  15  13  12  10
  0.0151478275392064  15  13  13   4
  0.0297854942147114  15  13  13   8
 -0.0486496989169639  15  13  13   9
  0.0151500647132056  15  13  14   3
  0.0297824802275577  15  13  14   5
  0.0486510097252981  15  13  14  10
 -0.0042744784679613  15  13  15   2
 -0.0089550473552853  15  13  15   7
  0.0141722509605328  15  13  15  11
  0.0116875516246393  15  13  15  13
 -0.0044160112299251  15  14   3   2
  0.0044154189324165  15  14   4   1
 -0.0095911400770193  15  14   5   2
  0.0085995718602273  15  14   6   4
 -0.0086025711784079  15  14   7   3
 -0.0193427217111034  15  14   7   5
  0.0095928197431712  15  14   8   1
  0.0193435354416092  15  14   8   6
 -0.0195444245174880  15  14   9   1
 -0.0419543036956242  15  14   9   6
 -0.0195449968316023  15  14  10   2
 -0.0419576430211492  15  14  10   7
  0.0193180827965564  15  14  11   3
  0.0372097814220194  15  14  11   5
  0.0575186142662483  15  14  11  10
  0.0193157346665302  15  14  12   4
  0.0372140074403604  15  14  12   8
 -0.0575186872057980  15  14  12   9
  0.0151500647132056  15  14  13   3
  0.0297824802275577  15  14  13   5
  0.0486510097252981  15  14  13  10
  0.0151476016357334  15  14  14   4
  0.0297851355288170  15  14  14   8
 -0.0486494770285531  15  14  14   9
  0.0042745520599301  15  14  15   1
  0.0089544304889762  15  14  15   6
  0.0141725850967547  15  14  15  12
  0.0116874588075296  15  14  15  14
  0.0017889614471771  15  15   1   1
  0.0017890100537930  15  15   2   2
  0.0027051244987831  15  15   3   3
  0.0027044709274664  15  15   4   4
  0.0050138499602860  15  15   5   3
  0.0095256504394603  15  15   5   5
  0.0038779325142424  15  15   6   1
  0.0084720405522802  15  15   6   6
  0.0038782107579312  15  15   7   2
  0.0084728328005723  15  15   7   7
  0.0050135653827458  15  15   8   4
  0.0095272789763822  15  15   8   8
 -0.0068936798035832  15  15   9   4
 -0.0141524121129295  15  15   9   8
  0.0256575782819370  15  15   9   9
  0.0068951603218964  15  15  10   3
  0.0141513417956603  15  15  10   5
  0.0256589708396736  15  15  10  10
 -0.0049931345259554  15  15  11   2
 -0.0103509679592586  15  15  11   7
  0.0173452418064583  15  15  11  11
  0.0049934433129502  15  15  12   1
  0.0103505675434212  15  15  12   6
  0.0173461754784759  15  15  12  12
 -0.0042744784679613  15  15  13   2
 -0.0089550473552853  15  15  13   7
  0.0141722509605328  15  15  13  11
  0.0116875516246393  15  15  13  13
  0.0042745520599301  15  15  14   1
  0.0089544304889762  15  15  14   6
  0.0141725850967547  15  15  14  12
  0.0116874588075296  15  15  14  14
  0.0017967276219282  15  15  15   4
  0.0035528979137789  15  15  15   8
 -0.0058880045422808  15  15  15   9
  0.0014053080996774  15  15  15  15
  0.0039352314047979  16   1   3   1
 -0.0039355408200798  16   1   4   2
  0.0064280952112937  16   1   5   1
  0.0095844679846009  16   1   6   3
  0.0151535173776908  16   1   6   5
 -0.0095840644940395  16   1   7   4
 -0.0064289690943433  16   1   8   2
 -0.0151540858753344  16   1   8   7
  0.0049267867550214  16   1   9   2
  0.0090406918591574  16   1   9   7
  0.0049277086866244  16   1  10   1
  0.0090400066186254  16   1  10   6
  0.0033990528521604  16   1  11   4
  0.0091708623575399  16   1  11   8
 -0.0255654262668863  16   1  11   9
  0.0034007023534332  16   1  12   3
  0.0091698904873115  16   1  12   5
  0.0255664148071844  16   1  12  10
  0.0044149042560767  16   1  13   4
  0.0095915869219891  16   1  13   8
 -0.0195414711134792  16   1  13   9
  0.0044159583742575  16   1  14   3
  0.0095905190166148  16   1  14   5
  0.0195417787535332  16   1  14  10
 -0.0017886865172691  16   1  15   2
 -0.0038774589390287  16   1  15   7
  0.0049925951274016  16   1  15  11
  0.0042739445580442  16   1  15  13
  0.0017883630780311  16   1  16   1
  0.0039362725137290  16   2   3   2
 -0.0039355408200798  16   2   4   1
  0.0064293505238282  16   2   5   2
 -0.0095855767604891  16   2   6   4
  0.0095858945918415  16   2   7   3
  0.0151554594222694  16   2   7   5
 -0.0064289690943433  16   2   8   1
 -0.0151557146920263  16   2   8   6
  0.0049267867550214  16   2   9   1
  0.0090376284959486  16   2   9   6
  0.0049263875031313  16   2  10   2
  0.0090395043228332  16   2  10   7
 -0.0033993372330851  16   2  11   3
 -0.0091679875432989  16   2  11   5
 -0.0255666325514280  16   2  11  10
 -0.0033984143928221  16   2  12   4
 -0.0091701497843145  16   2  12   8
  0.0255665728816324  16   2  12   9
 -0.0044154964955582  16   2  13   3
 -0.0095899075531549  16   2  13   5
 -0.0195420433117339  16   2  13  10
 -0.0044146251992918  16   2  14   4
 -0.0095911735605922  16   2  14   8
  0.0195413720582940  16   2  14   9
 -0.0017886865172691  16   2  15   1
 -0.0038773443521810  16   2  15   6
 -0.0049926197705992  16   2  15  12
 -0.0042738582214394  16   2  15  14
  0.0017884116305375  16   2  16   2
  0.0039352314047979  16   3   1   1
  0.0039362725137290  16   3   2   2
  0.0089164469150639  16   3   3   3
  0.0089163537481628  16   3   4   4
  0.0131509820226408  16   3   5   3
  0.0204703194740198  16   3   5   5
  0.0095844679846009  16   3   6   1
  0.0237988325206642  16   3   6   6
  0.0095858945918415  16   3   7   2
  0.0237982144774474  16   3   7   7
  0.0131506139166653  16   3   8   4
  0.0204712085793020  16   3   8   8
 -0.0028292337426731  16   3   9   4
 -0.0105073029123321  16   3   9   8
  0.0382054593408515  16   3   9   9
  0.0028316567153043  16   3  10   3
  0.0105057131454118  16   3  10   5
  0.0382068056729534  16   3  10  10
 -0.0033993372330851  16   3  11   2
 -0.0050071497105954  16   3  11   7
  0.0265074642923102  16   3  11  11
  0.0034007023534333  16   3  12   1
  0.0050065945795586  16   3  12   6
  0.0265081132100005  16   3  12  12
 -0.0044154964955582  16   3  13   2
 -0.0086016721104724  16   3  13   7
  0.0193150841249416  16   3  13  11
  0.0151478075875121  16   3  13  13
  0.0044159583742575  16   3  14   1
  0.0086010178548839  16   3  14   6
  0.0193152500395114  16   3  14  12
  0.0151475817355360  16   3  14  14
  0.0027042851754665  16   3  15   4
  0.0050133605985898  16   3  15   8
 -0.0068940283001751  16   3  15   9
  0.0017967372026823  16   3  15  15
  0.0027040995197861  16   3  16   3
 -0.0039355408200798  16   4   2   1
  0.0089163537481628  16   4   4   3
  0.0131501889307644  16   4   5   4
 -0.0095855767604891  16   4   6   2
 -0.0095840644940395  16   4   7   1
 -0.0237979980448309  16   4   7   6
  0.0131506139166653  16   4   8   3
  0.0204695952521680  16   4   8   5
 -0.0028292337426731  16   4   9   3
 -0.0105013578419860  16   4   9   5
  0.0028277622623316  16   4  10   4
  0.0105045275939079  16   4  10   8
 -0.0382014289149889  16   4  10   9
  0.0033990528521604  16   4  11   1
  0.0050028573898455  16   4  11   6
 -0.0033984143928221  16   4  12   2
 -0.0050051793244710  16   4  12   7
  0.0265046714230363  16   4  12  11
  0.0044149042560767  16   4  13   1
  0.0085986732692114  16   4  13   6
  0.0193127363318615  16   4  13  12
 -0.0044146251992918  16   4  14   2
 -0.0085998637001148  16   4  14   7
  0.0193120730966669  16   4  14  11
  0.0151453448687079  16   4  14  13
  0.0027042851754665  16   4  15   3
  0.0050122916796765  16   4  15   5
  0.0068930054745042  16   4  15  10
  0.0027034461125978  16   4  16   4
  0.0064280952112937  16   5   1   1
  0.0064293505238282  16   5   2   2
  0.0131509820226408  16   5   3   3
  0.0131501889307644  16   5   4   4
  0.0204703194740198  16   5   5   3
  0.0336682121995378  16   5   5   5
  0.0151535173776908  16   5   6   1
  0.0364138175865118  16   5   6   6
  0.0151554594222694  16   5   7   2
  0.0364139333702064  16   5   7   7
  0.0204695952521680  16   5   8   4
  0.0336709483480778  16   5   8   8
 -0.0105013578419860  16   5   9   4
 -0.0269945867873914  16   5   9   8
  0.0710995591873326  16   5   9   9
  0.0105057131454118  16   5  10   3
  0.0269916254542082  16   5  10   5
  0.0711025768101038  16   5  10  10
 -0.0091679875432989  16   5  11   2
 -0.0166459696824769  16   5  11   7
  0.0488513371141138  16   5  11  11
  0.0091698904873115  16   5  12   1
  0.0166449076468865  16   5  12   6
  0.0488530667992912  16   5  12  12
 -0.0095899075531549  16   5  13   2
 -0.0193403543661495  16   5  13   7
  0.0372041471113033  16   5  13  11
  0.0297780922691811  16   5  13  13
  0.0095905190166148  16   5  14   1
  0.0193389507000795  16   5  14   6
  0.0372046894059525  16   5  14  12
  0.0297777336802328  16   5  14  14
  0.0050122916796765  16   5  15   4
  0.0095248811384469  16   5  15   8
 -0.0141489496618225  16   5  15   9
  0.0035520168111548  16   5  15  15
  0.0050120869610656  16   5  16   3
  0.0095224839061365  16   5  16   5
  0.0095844679846009  16   6   3   1
 -0.0095855767604891  16   6   4   2
  0.0151535173776908  16   6   5   1
  0.0237988325206642  16   6   6   3
  0.0364138175865118  16   6   6   5
 -0.0237979980448309  16   6   7   4
 -0.0151557146920263  16   6   8   2
 -0.0364144437602159  16   6   8   7
  0.0090376284959486  16   6   9   2
  0.0152966450020518  16   6   9   7
  0.0090400066186254  16   6  10   1
  0.0152950932653164  16   6  10   6
  0.0050028573898455  16   6  11   4
  0.0166469918748805  16   6  11   8
 -0.0561743255593314  16   6  11   9
  0.0050065945795586  16   6  12   3
  0.0166449076468865  16   6  12   5
  0.0561762127164166  16   6  12  10
  0.0085986732692114  16   6  13   4
  0.0193411679764007  16   6  13   8
 -0.0419478807426453  16   6  13   9
  0.0086010178548839  16   6  14   3
  0.0193389507000795  16   6  14   5
  0.0419484259712551  16   6  14  10
 -0.0038773443521810  16   6  15   2
 -0.0084709150067359  16   6  15   7
  0.0103488351870751  16   6  15  11
  0.0089531649257074  16   6  15  13
  0.0038765927203983  16   6  16   1
  0.0084689976563799  16   6  16   6
  0.0095858945918415  16   7   3   2
 -0.0095840644940395  16   7   4   1
  0.0151554594222694  16   7   5   2
 -0.0237979980448309  16   7   6   4
  0.0237982144774474  16   7   7   3
  0.0364139333702064  16   7   7   5
 -0.0151540858753344  16   7   8   1
 -0.0364144437602159  16   7   8   6
  0.0090406918591574  16   7   9   1
  0.0152966450020518  16   7   9   6
  0.0090395043228332  16   7  10   2
  0.0153009526133611  16   7  10   7
 -0.0050071497105954  16   7  11   3
 -0.0166459696824769  16   7  11   5
 -0.0561778229303948  16   7  11  10
 -0.0050051793244710  16   7  12   4
 -0.0166508555068214  16   7  12   8
  0.0561776481056692  16   7  12   9
 -0.0086016721104724  16   7  13   3
 -0.0193403543661495  16   7  13   5
 -0.0419512196194442  16   7  13  10
 -0.0085998637001148  16   7  14   4
 -0.0193431768763293  16   7  14   8
  0.0419497494233930  16   7  14   9
 -0.0038774589390287  16   7  15   1
 -0.0084709150067359  16   7  15   6
 -0.0103499577654693  16   7  15  12
 -0.0089537671945286  16   7  15  14
  0.0038768708380166  16   7  16   2
  0.0084697897353362  16   7  16   7
 -0.0064289690943433  16   8   2   1
  0.0131506139166653  16   8   4   3
  0.0204695952521680  16   8   5   4
 -0.0151557146920263  16   8   6   2
 -0.0151540858753344  16   8   7   1
 -0.0364144437602159  16   8   7   6
  0.0204712085793020  16   8   8   3
  0.0336709483480778  16   8   8   5
 -0.0105073029123321  16   8   9   3
 -0.0269945867873914  16   8   9   5
  0.0105045275939079  16   8  10   4
  0.0270003061992200  16   8  10   8
 -0.0711067159973271  16   8  10   9
  0.0091708623575399  16   8  11   1
  0.0166469918748805  16   8  11   6
 -0.0091701497843145  16   8  12   2
 -0.0166508555068214  16   8  12   7
  0.0488559413797577  16   8  12  11
  0.0095915869219891  16   8  13   1
  0.0193411679764007  16   8  13   6
  0.0372083725503273  16   8  13  12
 -0.0095911735605922  16   8  14   2
 -0.0193431768763293  16   8  14   7
  0.0372071180256480  16   8  14  11
  0.0297807472014391  16   8  14  13
  0.0050133605985898  16   8  15   3
  0.0095248811384469  16   8  15   5
  0.0141509061921316  16   8  15  10
  0.0050118024682613  16   8  16   4
  0.0095241120074727  16   8  16   8
  0.0049267867550214  16   9   2   1
 -0.0028292337426731  16   9   4   3
 -0.0105013578419860  16   9   5   4
  0.0090376284959486  16   9   6   2
  0.0090406918591574  16   9   7   1
  0.0152966450020518  16   9   7   6
 -0.0105073029123321  16   9   8   3
 -0.0269945867873914  16   9   8   5
  0.0382054593408515  16   9   9   3
  0.0710995591873326  16   9   9   5
 -0.0382014289149889  16   9  10   4
 -0.0711067159973271  16   9  10   8
  0.0990753274606436  16   9  10   9
 -0.0255654262668863  16   9  11   1
 -0.0561743255593314  16   9  11   6
  0.0255665728816324  16   9  12   2
  0.0561776481056692  16   9  12   7
 -0.0659194783897094  16   9  12  11
 -0.0195414711134792  16   9  13   1
 -0.0419478807426453  16   9  13   6
 -0.0575105935716837  16   9  13  12
  0.0195413720582940  16   9  14   2
  0.0419497494233930  16   9  14   7
 -0.0575087556604030  16   9  14  11
 -0.0486425188331510  16   9  14  13
 -0.0068940283001751  16   9  15   3
 -0.0141489496618225  16   9  15   5
 -0.0256543525936989  16   9  15  10
 -0.0068918738073342  16   9  16   4
 -0.0141485140890753  16   9  16   8
  0.0256497351928853  16   9  16   9
  0.0049277086866244  16  10   1   1
  0.0049263875031313  16  10   2   2
  0.0028316567153043  16  10   3   3
  0.0028277622623316  16  10   4   4
  0.0105057131454118  16  10   5   3
  0.0269916254542082  16  10   5   5
  0.0090400066186254  16  10   6   1
  0.0152950932653164  16  10   6   6
  0.0090395043228332  16  10   7   2
  0.0153009526133611  16  10   7   7
  0.0105045275939079  16  10   8   4
  0.0270003061992200  16  10   8   8
 -0.0382014289149889  16  10   9   4
 -0.0711067159973271  16  10   9   8
  0.0990753274606436  16  10   9   9
  0.0382068056729534  16  10  10   3
  0.0711025768101038  16  10  10   5
  0.0990818375079644  16  10  10  10
 -0.0255666325514280  16  10  11   2
 -0.0561778229303948  16  10  11   7
  0.0659193172542960  16  10  11  11
  0.0255664148071844  16  10  12   1
  0.0561762127164166  16  10  12   6
  0.0659240773168914  16  10  12  12
 -0.0195420433117339  16  10  13   2
 -0.0419512196194442  16  10  13   7
  0.0575105206473749  16  10  13  11
  0.0486440513136841  16  10  13  13
  0.0195417787535332  16  10  14   1
  0.0419484259712551  16  10  14   6
  0.0575123274382963  16  10  14  12
  0.0486438294156402  16  10  14  14
  0.0068930054745042  16  10  15   4
  0.0141509061921316  16  10  15   8
 -0.0256543525936989  16  10  15   9
  0.0058873127622774  16  10  15  15
  0.0068933538642286  16  10  16   3
  0.0141474440988224  16  10  16   5
  0.0256511273544076  16  10  16  10
 -0.0033993372330851  16  11   3   2
  0.0033990528521604  16  11   4   1
 -0.0091679875432989  16  11   5   2
  0.0050028573898456  16  11   6   4
 -0.0050071497105954  16  11   7   3
 -0.0166459696824769  16  11   7   5
  0.0091708623575399  16  11   8   1
  0.0166469918748805  16  11   8   6
 -0.0255654262668863  16  11   9   1
 -0.0561743255593314  16  11   9   6
 -0.0255666325514280  16  11  10   2
 -0.0561778229303948  16  11  10   7
  0.0265074642923102  16  11  11   3
  0.0488513371141139  16  11  11   5
  0.0659193172542960  16  11  11  10
  0.0265046714230363  16  11  12   4
  0.0488559413797577  16  11  12   8
 -0.0659194783897094  16  11  12   9
  0.0193150841249416  16  11  13   3
  0.0372041471113033  16  11  13   5
  0.0575105206473749  16  11  13  10
  0.0193120730966669  16  11  14   4
  0.0372071180256480  16  11  14   8
 -0.0575087556604030  16  11  14   9
  0.0049925951274016  16  11  15   1
  0.0103488351870751  16  11  15   6
  0.0173430435155723  16  11  15  12
  0.0141700557303343  16  11  15  14
 -0.0049917717279938  16  11  16   2
 -0.0103482254739336  16  11  16   7
  0.0173399121262810  16  11  16  11
  0.0034007023534333  16  12   3   1
 -0.0033984143928221  16  12   4   2
  0.0091698904873115  16  12   5   1
  0.0050065945795586  16  12   6   3
  0.0166449076468865  16  12   6   5
 -0.0050051793244710  16  12   7   4
 -0.0091701497843145  16  12   8   2
 -0.0166508555068214  16  12   8   7
  0.0255665728816324  16  12   9   2
  0.0561776481056692  16  12   9   7
  0.0255664148071844  16  12  10   1
  0.0561762127164166  16  12  10   6
  0.0265046714230363  16  12  11   4
  0.0488559413797577  16  12  11   8
 -0.0659194783897094  16  12  11   9
  0.0265081132100005  16  12  12   3
  0.0488530667992912  16  12  12   5
  0.0659240773168914  16  12  12  10
  0.0193127363318615  16  12  13   4
  0.0372083725503272  16  12  13   8
 -0.0575105935716837  16  12  13   9
  0.0193152500395114  16  12  14   3
  0.0372046894059525  16  12  14   5
  0.0575123274382963  16  12  14  10
 -0.0049926197705992  16  12  15   2
 -0.0103499577654693  16  12  15   7
  0.0173430435155723  16  12  15  11
  0.0141705201896840  16  12  15  13
  0.0049920803839157  16  12  16   1
  0.0103478251788310  16  12  16   6
  0.0173408455429297  16  12  16  12
 -0.0044154964955582  16  13   3   2
  0.0044149042560767  16  13   4   1
 -0.0095899075531549  16  13   5   2
  0.0085986732692114  16  13   6   4
 -0.0086016721104724  16  13   7   3
 -0.0193403543661495  16  13   7   5
  0.0095915869219891  16  13   8   1
  0.0193411679764007  16  13   8   6
 -0.0195414711134792  16  13   9   1
 -0.0419478807426453  16  13   9   6
 -0.0195420433117339  16  13  10   2
 -0.0419512196194442  16  13  10   7
  0.0193150841249416  16  13  11   3
  0.0372041471113033  16  13  11   5
  0.0575105206473749  16  13  11  10
  0.0193127363318615  16  13  12   4
  0.0372083725503272  16  13  12   8
 -0.0575105935716837  16  13  12   9
  0.0151478075875121  16  13  13   3
  0.0297780922691811  16  13  13   5
  0.0486440513136841  16  13  13  10
  0.0151453448687079  16  13  14   4
  0.0297807472014391  16  13  14   8
 -0.0486425188331510  16  13  14   9
  0.0042739445580442  16  13  15   1
  0.0089531649257074  16  13  15   6
  0.0141705201896840  16  13  15  12
  0.0116857644447907  16  13  15  14
 -0.0042732508189972  16  13  16   2
 -0.0089525017149366  16  13  16   7
  0.0141679911941086  16  13  16  11
  0.0116840703283470  16  13  16  13
  0.0044159583742575  16  14   3   1
 -0.0044146251992918  16  14   4   2
  0.0095905190166148  16  14   5   1
  0.0086010178548839  16  14   6   3
  0.0193389507000795  16  14   6   5
 -0.0085998637001148  16  14   7   4
 -0.0095911735605922  16  14   8   2
 -0.0193431768763293  16  14   8   7
  0.0195413720582940  16  14   9   2
  0.0419497494233930  16  14   9   7
  0.0195417787535332  16  14  10   1
  0.0419484259712551  16  14  10   6
  0.0193120730966669  16  14  11   4
  0.0372071180256480  16  14  11   8
 -0.0575087556604030  16  14  11   9
  0.0193152500395114  16  14  12   3
  0.0372046894059525  16  14  12   5
  0.0575123274382963  16  14  12  10
  0.0151453448687079  16  14  13   4
  0.0297807472014391  16  14  13   8
 -0.0486425188331510  16  14  13   9
  0.0151475817355360  16  14  14   3
  0.0297777336802328  16  14  14   5
  0.0486438294156402  16  14  14  10
 -0.0042738582214394  16  14  15   2
 -0.0089537671945286  16  14  15   7
  0.0141700557303343  16  14  15  11
  0.0116857644447907  16  14  15  13
  0.0042733243741958  16  14  16   1
  0.0089518850264847  16  14  16   6
  0.0141683252416278  16  14  16  12
  0.0116839775431610  16  14  16  14
 -0.0017886865172691  16  15   2   1
  0.0027042851754665  16  15   4   3
  0.0050122916796765  16  15   5   4
 -0.0038773443521810  16  15   6   2
 -0.0038774589390287  16  15   7   1
 -0.0084709150067359  16  15   7   6
  0.0050133605985898  16  15   8   3
  0.0095248811384469  16  15   8   5
 -0.0068940283001751  16  15   9   3
 -0.0141489496618225  16  15   9   5
  0.0068930054745042  16  15  10   4
  0.0141509061921316  16  15  10   8
 -0.0256543525936989  16  15  10   9
  0.0049925951274016  16  15  11   1
  0.0103488351870751  16  15  11   6
 -0.0049926197705992  16  15  12   2
 -0.0103499577654693  16  15  12   7
  0.0173430435155723  16  15  12  11
  0.0042739445580442  16  15  13   1
  0.0089531649257074  16  15  13   6
  0.0141705201896840  16  15  13  12
 -0.0042738582214394  16  15  14   2
 -0.0089537671945286  16  15  14   7
  0.0141700557303343  16  15  14  11
  0.0116857644447907  16  15  14  13
  0.0017967372026823  16  15  15   3
  0.0035520168111548  16  15  15   5
  0.0058873127622774  16  15  15  10
  0.0017961772230356  16  15  16   4
  0.0035518230798877  16  15  16   8
 -0.0058862805899442  16  15  16   9
  0.0014048905075459  16  15  16  15
  0.0017883630780311  16  16   1   1
  0.0017884116305375  16  16   2   2
  0.0027040995197861  16  16   3   3
  0.0027034461125978  16  16   4   4
  0.0050120869610656  16  16   5   3
  0.0095224839061365  16  16   5   5
  0.0038765927203983  16  16   6   1
  0.0084689976563799  16  16   6   6
  0.0038768708380166  16  16   7   2
  0.0084697897353362  16  16   7   7
  0.0050118024682613  16  16   8   4
  0.0095241120074727  16  16   8   8
 -0.0068918738073342  16  16   9   4
 -0.0141485140890753  16  16   9   8
  0.0256497351928853  16  16   9   9
  0.0068933538642286  16  16  10   3
  0.0141474440988224  16  16  10   5
  0.0256511273544076  16  16  10  10
 -0.0049917717279938  16  16  11   2
 -0.0103482254739336  16  16  11   7
  0.0173399121262810  16  16  11  11
  0.0049920803839157  16  16  12   1
  0.0103478251788310  16  16  12   6
  0.0173408455429297  16  16  12  12
 -0.0042732508189972  16  16  13   2
 -0.0089525017149366  16  16  13   7
  0.0141679911941086  16  16  13  11
  0.0116840703283470  16  16  13  13
  0.0042733243741958  16  16  14   1
  0.0089518850264847  16  16  14   6
  0.0141683252416278  16  16  14  12
  0.0116839775431610  16  16  14  14
  0.0017961772230356  16  16  15   4
  0.0035518230798877  16  16  15   8
 -0.0058862805899442  16  16  15   9
  0.0014048905075459  16  16  15  15
  0.0017961868089615  16  16  16   3
  0.0035509422450471  16  16  16   5
  0.0058855890069956  16  16  16  10
  0.0014044730401715  16  16  16  16
 -1.0678843001425902   1   1   0   0
  0.5574664581693145   2   2   0   0
 -1.7645008715174755   3   3   0   0
  0.4344625751052242   4   4   0   0
 -0.9148180018597764   5   3   0   0
 -0.1644280874006025   5   5   0   0
 -0.6524063608008598   6   1   0   0
  0.3341229457285546   6   6   0   0
 -0.6525034993238490   7   2   0   0
 -3.7226388385770903   7   7   0   0
 -0.9148906362723148   8   4   0   0
 -2.4618321338143669   8   8   0   0
 -0.1778388733674050   9   4   0   0
  0.0773639250779185   9   8   0   0
 -4.6520555268496881   9   9   0   0
  0.1778023439100339  10   3   0   0
 -0.0772832373380611  10   5   0   0
  0.7655076838149094  10  10   0   0
 -0.0016715536774986  11   2   0   0
 -0.1955142286500955  11   7   0   0
 -0.2430364563744294  11  11   0   0
  0.0015629580696760  12   1   0   0
  0.1957866691547159  12   6   0   0
 -2.5122720351821211  12  12   0   0
  0.1401991864094251  13   2   0   0
  0.2327780247833370  13   7   0   0
 -0.9049260661679042  13  11   0   0
 -1.1695005152374325  13  13   0   0
 -0.1404868636306874  14   1   0   0
 -0.2327561797587548  14   6   0   0
 -0.9051786418460371  14  12   0   0
 -0.1762572583842044  14  14   0   0
 -0.1387967593561117  15   4   0   0
 -0.2430328178938346  15   8   0   0
  0.2696019996808523  15   9   0   0
  0.4459063528973380  15  15   0   0
 -0.1387786683239368  16   3   0   0
 -0.2429779156009356  16   5   0   0
 -0.2696253136640386  16  10   0   0
 -0.6030599922353349  16  16   0   0
 32.0000000000000000   0   0   0   0
